3.954706668853759766e+00
3.904143333435058594e+00
3.857854366302490234e+00
3.815593242645263672e+00
3.777817487716674805e+00
3.743146657943725586e+00
3.713284730911254883e+00
3.688498735427856445e+00
3.669157266616821289e+00
3.653882503509521484e+00
3.642802000045776367e+00
3.637497425079345703e+00
3.637741565704345703e+00
3.643524408340454102e+00
3.654446840286254883e+00
3.672105312347412109e+00
3.694895029067993164e+00
3.724493265151977539e+00
3.759484052658081055e+00
3.801991224288940430e+00
3.851267814636230469e+00
3.906573057174682617e+00
3.968080759048461914e+00
4.037731647491455078e+00
4.117802143096923828e+00
4.205384731292724609e+00
4.299406051635742188e+00
4.397273063659667969e+00
4.514127731323242188e+00
4.620212078094482422e+00
4.737362384796142578e+00
4.849849224090576172e+00
5.007490634918212891e+00
5.162657260894775391e+00
5.312811851501464844e+00
5.491183280944824219e+00
5.609510421752929688e+00
5.811075210571289062e+00
5.957436084747314453e+00
6.164357662200927734e+00
6.422151565551757812e+00
6.692368507385253906e+00
6.959911346435546875e+00
7.170883655548095703e+00
7.469426155090332031e+00
7.780597209930419922e+00
7.933399200439453125e+00
8.287912368774414062e+00
8.675989151000976562e+00
9.016515731811523438e+00
9.372673988342285156e+00
9.745092391967773438e+00
1.021411991119384766e+01
1.058073806762695312e+01
1.099861335754394531e+01
1.142944812774658203e+01
1.188584899902343750e+01
1.236385726928710938e+01
1.285928344726562500e+01
1.337642669677734375e+01
1.386622238159179688e+01
1.440835380554199219e+01
1.504544067382812500e+01
1.569534873962402344e+01
1.632091522216796875e+01
1.696987724304199219e+01
1.748553085327148438e+01
1.816828918457031250e+01
1.887193679809570312e+01
1.961109924316406250e+01
2.037173080444335938e+01
2.136731719970703125e+01
2.219084548950195312e+01
2.292802619934082031e+01
2.379623031616210938e+01
2.487508010864257812e+01
2.577816772460937500e+01
2.674440956115722656e+01
2.774816513061523438e+01
2.878371810913085938e+01
2.984658241271972656e+01
3.096377944946289062e+01
3.209357452392578125e+01
3.327112960815429688e+01
3.521570587158203125e+01
3.585443878173828125e+01
3.785196685791015625e+01
3.923540878295898438e+01
4.066335296630859375e+01
4.213722991943359375e+01
4.365870666503906250e+01
4.522808837890625000e+01
4.684696197509765625e+01
4.851787185668945312e+01
5.024302291870117188e+01
5.202341842651367188e+01
5.386085510253906250e+01
5.575513458251953125e+01
5.770829010009765625e+01
5.972189331054687500e+01
