3.984584808349609375e+00
3.914295673370361328e+00
3.850301742553710938e+00
3.794986486434936523e+00
3.747551679611206055e+00
3.708990573883056641e+00
3.676503658294677734e+00
3.654370784759521484e+00
3.640331268310546875e+00
3.636467695236206055e+00
3.641561746597290039e+00
3.656881809234619141e+00
3.681715011596679688e+00
3.716688871383666992e+00
3.763147115707397461e+00
3.820677757263183594e+00
3.889766216278076172e+00
3.970494508743286133e+00
4.061873912811279297e+00
4.164966106414794922e+00
4.283352375030517578e+00
4.410132884979248047e+00
4.539263248443603516e+00
4.685569763183593750e+00
4.854827880859375000e+00
5.001175880432128906e+00
5.217353343963623047e+00
5.450661659240722656e+00
5.651343345642089844e+00
5.875960826873779297e+00
6.117656230926513672e+00
6.381020069122314453e+00
6.643578052520751953e+00
6.957301616668701172e+00
7.285071849822998047e+00
7.704344749450683594e+00
8.054849624633789062e+00
8.460154533386230469e+00
8.851749420166015625e+00
9.197296142578125000e+00
9.647871017456054688e+00
1.021640014648437500e+01
1.061893177032470703e+01
1.109588623046875000e+01
1.161995506286621094e+01
1.223505496978759766e+01
1.275213909149169922e+01
1.335819911956787109e+01
1.403552055358886719e+01
1.474325942993164062e+01
1.554256153106689453e+01
1.601322364807128906e+01
1.679066658020019531e+01
1.757220649719238281e+01
1.838684654235839844e+01
1.923537826538085938e+01
2.011783409118652344e+01
2.103634643554687500e+01
2.198950386047363281e+01
2.298206901550292969e+01
2.401218414306640625e+01
2.508267402648925781e+01
2.628969383239746094e+01
2.743683052062988281e+01
2.862575721740722656e+01
2.985844421386718750e+01
3.113622283935546875e+01
3.251218795776367188e+01
3.383333969116210938e+01
3.525198745727539062e+01
3.670735168457031250e+01
3.822830581665039062e+01
3.979116058349609375e+01
4.142395782470703125e+01
4.310982894897460938e+01
4.485023880004882812e+01
4.665014648437500000e+01
4.850909423828125000e+01
5.043234252929687500e+01
5.241977310180664062e+01
5.446860122680664062e+01
5.658572769165039062e+01
5.877356338500976562e+01
6.103902435302734375e+01
6.477529144287109375e+01
6.724915313720703125e+01
6.980076599121093750e+01
7.225713348388671875e+01
7.497150421142578125e+01
7.777409362792968750e+01
7.907880401611328125e+01
8.381632995605468750e+01
8.673788452148437500e+01
8.792221069335937500e+01
9.112468719482421875e+01
9.442147827148437500e+01
1.000281753540039062e+02
1.013288879394531250e+02
1.075200805664062500e+02
1.111317291259765625e+02
