3.645548105239868164e+00
3.640348911285400391e+00
3.768668889999389648e+00
4.144901752471923828e+00
4.386669635772705078e+00
4.634622573852539062e+00
4.825567722320556641e+00
4.965362548828125000e+00
6.595795631408691406e+00
7.031671047210693359e+00
7.513251304626464844e+00
7.901203155517578125e+00
8.303730964660644531e+00
8.714853286743164062e+00
9.131112098693847656e+00
9.550374984741210938e+00
6.294057846069335938e+00
6.481667995452880859e+00
6.671597957611083984e+00
6.862199306488037109e+00
7.713992595672607422e+00
8.007132530212402344e+00
8.292822837829589844e+00
8.574720382690429688e+00
8.845817565917968750e+00
9.109180450439453125e+00
9.365493774414062500e+00
9.614221572875976562e+00
7.825854778289794922e+00
7.981225013732910156e+00
8.136138916015625000e+00
8.283874511718750000e+00
8.429026603698730469e+00
8.571698188781738281e+00
8.709917068481445312e+00
8.845625877380371094e+00
1.286106300354003906e+01
1.306131362915039062e+01
1.325590324401855469e+01
1.340507221221923828e+01
1.362481975555419922e+01
1.380064868927001953e+01
1.074865245819091797e+01
1.087084770202636719e+01
1.099155998229980469e+01
1.110851955413818359e+01
1.122586536407470703e+01
1.132536506652832031e+01
1.145343589782714844e+01
1.156412124633789062e+01
1.167380523681640625e+01
1.267643928527832031e+01
1.279880714416503906e+01
1.291784763336181641e+01
1.303362464904785156e+01
1.315168666839599609e+01
1.326851367950439453e+01
7.399616241455078125e+00
7.446386814117431641e+00
7.492424488067626953e+00
7.536805629730224609e+00
7.581467628479003906e+00
7.623888969421386719e+00
7.667847156524658203e+00
7.709147930145263672e+00
7.751341342926025391e+00
7.791692733764648438e+00
7.832416534423828125e+00
7.872219085693359375e+00
7.911088466644287109e+00
7.949797153472900391e+00
7.988297939300537109e+00
8.026137351989746094e+00
8.062277793884277344e+00
8.100763320922851562e+00
8.136746406555175781e+00
1.199392986297607422e+01
1.206146430969238281e+01
1.212738418579101562e+01
1.219484901428222656e+01
1.226115798950195312e+01
1.232853698730468750e+01
1.239655876159667969e+01
1.246354961395263672e+01
1.253113365173339844e+01
1.260009193420410156e+01
1.266747665405273438e+01
1.273662090301513672e+01
1.280656909942626953e+01
1.287693405151367188e+01
1.294715499877929688e+01
1.301921653747558594e+01
1.309136009216308594e+01
1.316297149658203125e+01
1.323759555816650391e+01
1.331049156188964844e+01
1.338529491424560547e+01
1.346215343475341797e+01
1.353822612762451172e+01
1.361577033996582031e+01
