3.803930664062500000e+01
7.509394168853759766e+00
7.081253051757812500e+00
6.905162334442138672e+00
6.705776214599609375e+00
6.655258178710937500e+00
6.547806262969970703e+00
6.475323200225830078e+00
6.406859874725341797e+00
6.417283058166503906e+00
6.427667140960693359e+00
6.417233943939208984e+00
6.503181934356689453e+00
6.368327617645263672e+00
6.252255916595458984e+00
6.458860397338867188e+00
6.259285926818847656e+00
6.182302951812744141e+00
6.018935203552246094e+00
5.918541908264160156e+00
5.829930782318115234e+00
5.748364925384521484e+00
5.643002033233642578e+00
5.548314094543457031e+00
5.466463565826416016e+00
5.392397403717041016e+00
5.322711944580078125e+00
5.259188652038574219e+00
5.175699234008789062e+00
5.104284286499023438e+00
5.033900260925292969e+00
4.953632354736328125e+00
4.875912189483642578e+00
4.799507617950439453e+00
4.720843791961669922e+00
4.636468887329101562e+00
4.555084228515625000e+00
4.471899986267089844e+00
4.396652698516845703e+00
4.316003322601318359e+00
4.236527442932128906e+00
4.161466121673583984e+00
4.087334156036376953e+00
4.017618179321289062e+00
3.952557802200317383e+00
3.890427112579345703e+00
3.835108995437622070e+00
3.784968137741088867e+00
3.741929769515991211e+00
3.704699993133544922e+00
3.674965858459472656e+00
3.653341293334960938e+00
3.640895605087280273e+00
3.636563062667846680e+00
3.642349481582641602e+00
3.655696153640747070e+00
3.682864904403686523e+00
3.717011213302612305e+00
3.764508008956909180e+00
3.822680234909057617e+00
3.890364646911621094e+00
3.968173980712890625e+00
4.058073520660400391e+00
4.157414436340332031e+00
4.268542289733886719e+00
4.385295391082763672e+00
4.529153823852539062e+00
4.655869483947753906e+00
4.807352542877197266e+00
4.966304779052734375e+00
5.115905284881591797e+00
5.279048442840576172e+00
5.451359748840332031e+00
5.612762451171875000e+00
5.795270919799804688e+00
5.982668876647949219e+00
6.168587684631347656e+00
6.373814105987548828e+00
6.512421131134033203e+00
6.684975147247314453e+00
6.824378967285156250e+00
6.944103240966796875e+00
7.056131362915039062e+00
7.153602600097656250e+00
7.246874809265136719e+00
7.311317920684814453e+00
7.394128799438476562e+00
7.451214313507080078e+00
7.501066207885742188e+00
7.622387409210205078e+00
7.642524719238281250e+00
7.739104270935058594e+00
7.804651260375976562e+00
7.856150150299072266e+00
7.894641876220703125e+00
8.036514282226562500e+00
8.085523605346679688e+00
8.134178161621093750e+00
8.194733619689941406e+00
8.137635231018066406e+00
