5.268205642700195312e+00
5.265886306762695312e+00
5.269115447998046875e+00
5.266156196594238281e+00
5.263318538665771484e+00
5.253935813903808594e+00
5.252853393554687500e+00
5.251075267791748047e+00
5.246634006500244141e+00
5.239120006561279297e+00
5.234200000762939453e+00
5.224605083465576172e+00
5.219361305236816406e+00
5.216714382171630859e+00
5.212544441223144531e+00
5.217415809631347656e+00
5.205670356750488281e+00
5.202307701110839844e+00
5.197722911834716797e+00
5.187865257263183594e+00
5.180577278137207031e+00
5.180821418762207031e+00
5.175951957702636719e+00
5.171631336212158203e+00
5.166841983795166016e+00
5.158731460571289062e+00
5.155158042907714844e+00
5.151969432830810547e+00
5.143271446228027344e+00
5.134061813354492188e+00
5.130452156066894531e+00
5.128376483917236328e+00
5.125930786132812500e+00
5.123771667480468750e+00
5.109589099884033203e+00
5.115376472473144531e+00
5.104655265808105469e+00
5.095568656921386719e+00
5.098100185394287109e+00
5.088302612304687500e+00
5.087048530578613281e+00
5.075909137725830078e+00
5.060836791992187500e+00
5.068172931671142578e+00
5.063302516937255859e+00
5.056814193725585938e+00
5.050114631652832031e+00
5.044280052185058594e+00
5.030169486999511719e+00
5.022596836090087891e+00
5.018945693969726562e+00
5.012391567230224609e+00
5.005718231201171875e+00
5.003468036651611328e+00
4.992033481597900391e+00
4.989847183227539062e+00
4.981059551239013672e+00
4.975234508514404297e+00
4.973056316375732422e+00
4.958005905151367188e+00
4.956630706787109375e+00
4.947236061096191406e+00
4.935872554779052734e+00
4.932322978973388672e+00
4.918765544891357422e+00
4.910481929779052734e+00
4.909681320190429688e+00
4.899583816528320312e+00
4.897832393646240234e+00
4.881203174591064453e+00
4.875638008117675781e+00
4.864342212677001953e+00
4.856100559234619141e+00
4.849751949310302734e+00
4.848434448242187500e+00
4.832365512847900391e+00
4.830486297607421875e+00
4.815209865570068359e+00
4.804304599761962891e+00
4.799023151397705078e+00
4.792659282684326172e+00
4.783985614776611328e+00
4.773796558380126953e+00
4.766903400421142578e+00
4.753870487213134766e+00
4.745906352996826172e+00
4.737824916839599609e+00
4.729327678680419922e+00
4.724269866943359375e+00
4.711750507354736328e+00
4.692111492156982422e+00
4.681528091430664062e+00
4.677701950073242188e+00
4.665236473083496094e+00
4.654837131500244141e+00
4.644683361053466797e+00
4.631044864654541016e+00
4.620136737823486328e+00
4.611816883087158203e+00
4.596018314361572266e+00
4.583076953887939453e+00
4.576927185058593750e+00
4.564983367919921875e+00
4.555549144744873047e+00
4.536229133605957031e+00
4.526788711547851562e+00
4.513903617858886719e+00
4.502651691436767578e+00
4.491967678070068359e+00
4.474402427673339844e+00
4.468877792358398438e+00
4.456357479095458984e+00
4.439801216125488281e+00
4.423330783843994141e+00
4.411728858947753906e+00
4.395107746124267578e+00
4.377219200134277344e+00
4.364295959472656250e+00
4.346775531768798828e+00
4.332125186920166016e+00
4.316117763519287109e+00
4.302662849426269531e+00
4.285480976104736328e+00
4.271564960479736328e+00
4.255939483642578125e+00
4.240429878234863281e+00
4.222883224487304688e+00
4.209338665008544922e+00
4.190284252166748047e+00
4.172886371612548828e+00
4.156171321868896484e+00
4.140416145324707031e+00
4.123263359069824219e+00
4.105027198791503906e+00
4.086830615997314453e+00
4.070725440979003906e+00
4.052236557006835938e+00
4.031925201416015625e+00
4.013211250305175781e+00
3.994336366653442383e+00
3.975140333175659180e+00
3.955786705017089844e+00
3.937593698501586914e+00
3.917604684829711914e+00
3.899244546890258789e+00
3.878473997116088867e+00
3.859962224960327148e+00
3.843189001083374023e+00
3.828532218933105469e+00
3.820883035659790039e+00
3.801437616348266602e+00
3.789346694946289062e+00
3.779625415802001953e+00
3.768451929092407227e+00
3.759890079498291016e+00
3.752613782882690430e+00
3.744922399520874023e+00
3.738899230957031250e+00
3.732274770736694336e+00
3.729008436203002930e+00
3.724808454513549805e+00
3.721696853637695312e+00
3.719075202941894531e+00
3.718573808670043945e+00
3.719022035598754883e+00
3.720954179763793945e+00
3.722538232803344727e+00
3.724999904632568359e+00
3.727879524230957031e+00
3.732176780700683594e+00
3.736956596374511719e+00
3.742600917816162109e+00
3.748554706573486328e+00
3.756291151046752930e+00
3.764349460601806641e+00
3.773255348205566406e+00
3.782865762710571289e+00
3.794500350952148438e+00
3.805279016494750977e+00
3.821266889572143555e+00
3.833823204040527344e+00
3.847098588943481445e+00
3.863369703292846680e+00
3.879002094268798828e+00
3.896389722824096680e+00
3.914231538772583008e+00
3.931207418441772461e+00
3.950582981109619141e+00
3.971639871597290039e+00
3.992832422256469727e+00
4.015364646911621094e+00
4.038933753967285156e+00
4.063542366027832031e+00
4.087887763977050781e+00
4.112991333007812500e+00
4.140491485595703125e+00
4.167358875274658203e+00
4.195113182067871094e+00
4.221996307373046875e+00
4.254103183746337891e+00
4.286738872528076172e+00
4.320072650909423828e+00
4.349050045013427734e+00
4.379008769989013672e+00
4.418860912322998047e+00
4.452121734619140625e+00
4.491428852081298828e+00
4.526397228240966797e+00
4.556330680847167969e+00
4.598862648010253906e+00
4.632297515869140625e+00
4.680996417999267578e+00
4.721399784088134766e+00
4.750395298004150391e+00
4.790977001190185547e+00
4.834672927856445312e+00
4.874780178070068359e+00
4.916209220886230469e+00
4.961931705474853516e+00
5.003998279571533203e+00
5.058499813079833984e+00
5.092811584472656250e+00
5.141986846923828125e+00
5.185637474060058594e+00
5.233482360839843750e+00
5.274288177490234375e+00
5.315664768218994141e+00
5.361407279968261719e+00
5.412543773651123047e+00
5.456257820129394531e+00
5.501447200775146484e+00
5.546584129333496094e+00
5.603446006774902344e+00
5.640060424804687500e+00
5.685307502746582031e+00
5.731983184814453125e+00
5.777327537536621094e+00
5.825315952301025391e+00
5.873112201690673828e+00
5.915302753448486328e+00
5.959939002990722656e+00
6.005297183990478516e+00
6.061112403869628906e+00
6.094067096710205078e+00
6.139152050018310547e+00
6.195942878723144531e+00
6.232811927795410156e+00
6.273799896240234375e+00
6.311930656433105469e+00
6.356667041778564453e+00
6.396583080291748047e+00
6.436030864715576172e+00
6.480724334716796875e+00
6.520856857299804688e+00
6.555861949920654297e+00
6.597939491271972656e+00
6.636758804321289062e+00
6.671187400817871094e+00
6.706604003906250000e+00
6.743422985076904297e+00
6.787344455718994141e+00
6.806800365447998047e+00
6.850465297698974609e+00
6.882103443145751953e+00
6.935472488403320312e+00
6.938926696777343750e+00
6.976563453674316406e+00
7.007019042968750000e+00
7.026054382324218750e+00
7.063681602478027344e+00
7.079151630401611328e+00
7.116932392120361328e+00
7.141009807586669922e+00
7.162089347839355469e+00
7.173407554626464844e+00
7.205788612365722656e+00
7.265278816223144531e+00
7.257363796234130859e+00
7.298032760620117188e+00
7.322770118713378906e+00
7.322026729583740234e+00
7.356350898742675781e+00
7.371393680572509766e+00
7.396101474761962891e+00
7.394294261932373047e+00
7.419234752655029297e+00
7.445051670074462891e+00
7.479300975799560547e+00
7.460546016693115234e+00
7.482899188995361328e+00
7.507429122924804688e+00
7.527165889739990234e+00
7.523194789886474609e+00
7.554685115814208984e+00
7.558693885803222656e+00
7.558428287506103516e+00
7.593209266662597656e+00
7.752028465270996094e+00
7.771561145782470703e+00
7.780503749847412109e+00
