7.742906093597412109e+00
6.030979156494140625e+00
4.405665874481201172e+00
3.912201881408691406e+00
3.814885377883911133e+00
3.797994613647460938e+00
3.758387327194213867e+00
3.735129117965698242e+00
3.721842288970947266e+00
3.719631910324096680e+00
3.719187974929809570e+00
3.722626209259033203e+00
3.734776258468627930e+00
3.745271921157836914e+00
3.775643825531005859e+00
3.763131380081176758e+00
3.783508777618408203e+00
3.756033420562744141e+00
3.872690916061401367e+00
3.920676469802856445e+00
3.959368944168090820e+00
4.048741340637207031e+00
3.850837707519531250e+00
4.217147350311279297e+00
4.351243972778320312e+00
3.976082563400268555e+00
4.445300102233886719e+00
4.293820381164550781e+00
4.231266021728515625e+00
4.395435333251953125e+00
3.937045812606811523e+00
4.041327953338623047e+00
5.019138336181640625e+00
4.326675891876220703e+00
4.359875679016113281e+00
4.176579475402832031e+00
4.465804576873779297e+00
4.168551921844482422e+00
3.946124792098999023e+00
4.519546508789062500e+00
4.288022041320800781e+00
4.396230220794677734e+00
4.144745349884033203e+00
4.899596214294433594e+00
4.322568416595458984e+00
4.150640010833740234e+00
4.085981845855712891e+00
4.903361320495605469e+00
4.842217445373535156e+00
4.905520439147949219e+00
5.072236061096191406e+00
4.806562900543212891e+00
5.430681705474853516e+00
5.076974391937255859e+00
4.972469329833984375e+00
4.974541664123535156e+00
5.331014633178710938e+00
4.919666290283203125e+00
5.354014873504638672e+00
5.048063278198242188e+00
6.679579257965087891e+00
5.250958919525146484e+00
4.873301982879638672e+00
4.941404342651367188e+00
5.125686168670654297e+00
5.110491275787353516e+00
4.875539779663085938e+00
5.787765502929687500e+00
6.884702205657958984e+00
5.016609191894531250e+00
5.628162384033203125e+00
5.113267898559570312e+00
6.510112285614013672e+00
5.190918445587158203e+00
4.820684909820556641e+00
5.952371597290039062e+00
5.041787147521972656e+00
5.304792881011962891e+00
4.805775642395019531e+00
5.672253608703613281e+00
5.146789073944091797e+00
7.154249191284179688e+00
5.605478763580322266e+00
5.268428802490234375e+00
5.028848171234130859e+00
6.642160415649414062e+00
5.354764938354492188e+00
5.426552295684814453e+00
5.721409797668457031e+00
5.529072761535644531e+00
5.679886817932128906e+00
5.638990879058837891e+00
4.449295997619628906e+00
4.548206329345703125e+00
5.865132331848144531e+00
5.071220874786376953e+00
5.273906707763671875e+00
5.375079154968261719e+00
5.570400238037109375e+00
5.336425781250000000e+00
4.794481754302978516e+00
4.945729255676269531e+00
5.715049743652343750e+00
5.246507167816162109e+00
6.244729995727539062e+00
5.344672679901123047e+00
5.187718868255615234e+00
5.525156974792480469e+00
5.174489974975585938e+00
5.023622989654541016e+00
4.843170166015625000e+00
5.199734210968017578e+00
5.725507259368896484e+00
5.146974086761474609e+00
4.981102943420410156e+00
4.709507465362548828e+00
5.293956279754638672e+00
7.829514026641845703e+00
5.221445083618164062e+00
5.631310939788818359e+00
5.506921768188476562e+00
5.604795455932617188e+00
6.084456920623779297e+00
6.120043277740478516e+00
5.271609783172607422e+00
5.227765083312988281e+00
5.095198154449462891e+00
5.892480373382568359e+00
5.669067859649658203e+00
5.351333618164062500e+00
5.249521732330322266e+00
8.406989097595214844e+00
5.083293914794921875e+00
8.038743972778320312e+00
5.472137928009033203e+00
5.120273113250732422e+00
4.505939960479736328e+00
4.997521400451660156e+00
8.666890144348144531e+00
5.172001838684082031e+00
8.060376167297363281e+00
5.050467491149902344e+00
5.667466640472412109e+00
4.537429809570312500e+00
5.124859333038330078e+00
4.904425621032714844e+00
5.198014736175537109e+00
4.990511417388916016e+00
6.947382450103759766e+00
5.428199768066406250e+00
5.228290557861328125e+00
5.265307426452636719e+00
8.203310966491699219e+00
5.785614967346191406e+00
8.798480033874511719e+00
4.893593311309814453e+00
5.541801929473876953e+00
5.346955776214599609e+00
5.316752910614013672e+00
5.218138217926025391e+00
5.637264251708984375e+00
7.999670505523681641e+00
5.191387176513671875e+00
9.601345062255859375e+00
4.796378135681152344e+00
9.787508010864257812e+00
5.168456554412841797e+00
8.836283683776855469e+00
8.442815780639648438e+00
8.552209854125976562e+00
9.326122283935546875e+00
5.147166252136230469e+00
8.466685295104980469e+00
7.991046905517578125e+00
8.861916542053222656e+00
4.883560657501220703e+00
8.946747779846191406e+00
8.353733062744140625e+00
8.089645385742187500e+00
4.823941230773925781e+00
4.929605007171630859e+00
8.422467231750488281e+00
8.303854942321777344e+00
8.490180015563964844e+00
7.911434650421142578e+00
9.003414154052734375e+00
7.913819789886474609e+00
7.355904579162597656e+00
5.094256877899169922e+00
5.016356945037841797e+00
5.457256317138671875e+00
8.119039535522460938e+00
4.698691844940185547e+00
5.594795703887939453e+00
8.310706138610839844e+00
8.055514335632324219e+00
8.677556037902832031e+00
9.882372856140136719e+00
9.878128051757812500e+00
4.940612792968750000e+00
8.706401824951171875e+00
9.632816314697265625e+00
9.640660285949707031e+00
8.779524803161621094e+00
9.827534675598144531e+00
5.756963253021240234e+00
9.246707916259765625e+00
7.962975502014160156e+00
5.066809177398681641e+00
5.162299156188964844e+00
1.012172317504882812e+01
5.343165874481201172e+00
5.155130863189697266e+00
5.526438236236572266e+00
5.301960945129394531e+00
5.279992580413818359e+00
5.565367698669433594e+00
7.934267520904541016e+00
5.927622795104980469e+00
5.106932640075683594e+00
6.944687843322753906e+00
5.372860431671142578e+00
5.943677902221679688e+00
5.218409538269042969e+00
8.054684638977050781e+00
4.862049579620361328e+00
5.283123016357421875e+00
7.810104370117187500e+00
8.879092216491699219e+00
4.769609928131103516e+00
5.264700889587402344e+00
5.873277664184570312e+00
5.092846393585205078e+00
8.281078338623046875e+00
7.781828880310058594e+00
5.048287868499755859e+00
8.063842773437500000e+00
8.162378311157226562e+00
8.197481155395507812e+00
7.966476440429687500e+00
7.871862411499023438e+00
9.099967956542968750e+00
8.174741744995117188e+00
5.433411121368408203e+00
5.354012489318847656e+00
4.965717792510986328e+00
8.685045242309570312e+00
5.507453441619873047e+00
6.257750988006591797e+00
7.031115055084228516e+00
5.193318843841552734e+00
5.403392314910888672e+00
5.842236995697021484e+00
9.671444892883300781e+00
5.296862602233886719e+00
5.451875209808349609e+00
6.310153007507324219e+00
5.521996021270751953e+00
6.329270362854003906e+00
9.738487243652343750e+00
5.158209323883056641e+00
8.567964553833007812e+00
9.305448532104492188e+00
8.513166427612304688e+00
7.854361534118652344e+00
6.424671649932861328e+00
1.013391685485839844e+01
9.816677093505859375e+00
8.646980285644531250e+00
9.606520652770996094e+00
6.116409301757812500e+00
8.283284187316894531e+00
8.478360176086425781e+00
8.765746116638183594e+00
8.141894340515136719e+00
8.797578811645507812e+00
9.655592918395996094e+00
7.915789127349853516e+00
9.619906425476074219e+00
1.010164737701416016e+01
5.980757236480712891e+00
9.115308761596679688e+00
9.830612182617187500e+00
9.808920860290527344e+00
1.008911800384521484e+01
6.196792125701904297e+00
8.685884475708007812e+00
8.470767974853515625e+00
9.476033210754394531e+00
8.814381599426269531e+00
8.642198562622070312e+00
6.934386253356933594e+00
8.586630821228027344e+00
8.567145347595214844e+00
5.979722499847412109e+00
6.921859741210937500e+00
8.442518234252929688e+00
8.729127883911132812e+00
9.195817947387695312e+00
8.169775962829589844e+00
