2.032265930175781250e+02
4.852074050903320312e+01
2.298154830932617188e+01
1.181143951416015625e+01
5.028036594390869141e+00
3.793688774108886719e+00
3.766924858093261719e+00
3.736431598663330078e+00
3.723730564117431641e+00
3.719151258468627930e+00
3.720710515975952148e+00
3.724185466766357422e+00
3.730392456054687500e+00
3.744089126586914062e+00
3.755960226058959961e+00
3.771247625350952148e+00
3.748840332031250000e+00
3.813481569290161133e+00
3.740643262863159180e+00
3.823359012603759766e+00
3.760984659194946289e+00
3.890599489212036133e+00
4.028223037719726562e+00
3.797756671905517578e+00
3.854688644409179688e+00
3.922471284866333008e+00
4.178819656372070312e+00
3.831973552703857422e+00
3.797350406646728516e+00
4.135074615478515625e+00
3.973937034606933594e+00
3.943050622940063477e+00
3.923160552978515625e+00
3.921962022781372070e+00
3.867666006088256836e+00
3.982976436614990234e+00
4.087040901184082031e+00
4.244232177734375000e+00
4.333103179931640625e+00
4.013379096984863281e+00
4.162756443023681641e+00
4.238150119781494141e+00
4.140968322753906250e+00
3.940557718276977539e+00
4.088010311126708984e+00
4.080258846282958984e+00
4.504570960998535156e+00
4.405548095703125000e+00
4.428386688232421875e+00
4.020177841186523438e+00
3.913828134536743164e+00
4.282470226287841797e+00
4.177364826202392578e+00
4.376860141754150391e+00
4.378933906555175781e+00
4.738216400146484375e+00
4.244640827178955078e+00
4.243085861206054688e+00
4.447780609130859375e+00
4.449329376220703125e+00
4.152211189270019531e+00
4.528249263763427734e+00
4.478940010070800781e+00
4.480742454528808594e+00
4.548377513885498047e+00
4.272076129913330078e+00
4.378739356994628906e+00
4.244383335113525391e+00
4.204350948333740234e+00
4.384295940399169922e+00
4.062664508819580078e+00
4.833235740661621094e+00
4.210004806518554688e+00
4.216568470001220703e+00
4.912150859832763672e+00
4.431852817535400391e+00
4.226082801818847656e+00
4.263407230377197266e+00
4.207993507385253906e+00
4.470299720764160156e+00
4.487465381622314453e+00
4.343952178955078125e+00
4.491832733154296875e+00
4.519534587860107422e+00
4.394542694091796875e+00
4.603682518005371094e+00
4.450661659240722656e+00
4.899360656738281250e+00
4.422977447509765625e+00
4.816005706787109375e+00
4.788877010345458984e+00
4.366705417633056641e+00
4.552257537841796875e+00
4.484012126922607422e+00
4.223517417907714844e+00
4.945347309112548828e+00
4.213411331176757812e+00
4.264329910278320312e+00
4.458190441131591797e+00
4.440620422363281250e+00
4.487176895141601562e+00
4.678292274475097656e+00
4.466498851776123047e+00
4.300780773162841797e+00
4.941098690032958984e+00
4.429877758026123047e+00
4.808071613311767578e+00
4.517946243286132812e+00
4.386229515075683594e+00
4.254745483398437500e+00
4.936405658721923828e+00
4.506524562835693359e+00
5.521483421325683594e+00
5.108328819274902344e+00
4.757665634155273438e+00
4.638880252838134766e+00
4.610148906707763672e+00
5.874965667724609375e+00
5.166100502014160156e+00
4.863545894622802734e+00
4.846829891204833984e+00
4.491623401641845703e+00
4.588057518005371094e+00
4.897947311401367188e+00
5.630786895751953125e+00
4.850290298461914062e+00
5.381116390228271484e+00
4.961429119110107422e+00
5.969899654388427734e+00
4.651233673095703125e+00
6.001210689544677734e+00
4.598848819732666016e+00
5.035393714904785156e+00
4.573431015014648438e+00
5.086619853973388672e+00
5.056311130523681641e+00
5.278139591217041016e+00
5.030374050140380859e+00
4.951488494873046875e+00
4.750699996948242188e+00
5.006931781768798828e+00
4.535172939300537109e+00
4.873496532440185547e+00
4.824215888977050781e+00
5.114217758178710938e+00
4.888794422149658203e+00
4.959937095642089844e+00
4.764517784118652344e+00
5.298711776733398438e+00
4.436800003051757812e+00
5.161426067352294922e+00
5.109731197357177734e+00
4.948822021484375000e+00
5.244042396545410156e+00
5.098404407501220703e+00
5.349336147308349609e+00
5.304378509521484375e+00
5.321145057678222656e+00
4.946940422058105469e+00
4.563971519470214844e+00
4.532145023345947266e+00
4.507617473602294922e+00
5.031980037689208984e+00
4.773053646087646484e+00
4.867359638214111328e+00
6.045546531677246094e+00
5.196183681488037109e+00
5.147634983062744141e+00
5.395358085632324219e+00
5.182543754577636719e+00
4.904442787170410156e+00
4.835380077362060547e+00
4.947338104248046875e+00
5.401475429534912109e+00
6.464940547943115234e+00
4.810027122497558594e+00
5.182140350341796875e+00
4.807259082794189453e+00
4.991733074188232422e+00
4.963660717010498047e+00
4.967303276062011719e+00
5.001360893249511719e+00
4.837027072906494141e+00
4.758769989013671875e+00
5.711005210876464844e+00
4.592537403106689453e+00
4.811902046203613281e+00
5.269697189331054688e+00
5.107473373413085938e+00
5.046775341033935547e+00
4.741708278656005859e+00
5.165410518646240234e+00
4.850501537322998047e+00
5.052465915679931641e+00
4.755764484405517578e+00
5.267763614654541016e+00
5.170813083648681641e+00
4.546025276184082031e+00
5.023988723754882812e+00
4.909920215606689453e+00
4.776837348937988281e+00
4.816220283508300781e+00
4.916223049163818359e+00
4.561203956604003906e+00
5.019227027893066406e+00
4.809550762176513672e+00
5.187238216400146484e+00
4.973943233489990234e+00
4.791870594024658203e+00
4.899618148803710938e+00
4.869171142578125000e+00
4.722129821777343750e+00
5.235723495483398438e+00
4.642980098724365234e+00
5.041275978088378906e+00
4.817382335662841797e+00
4.831022262573242188e+00
4.946015357971191406e+00
4.919146537780761719e+00
4.855367660522460938e+00
5.606414794921875000e+00
5.999128818511962891e+00
6.844875335693359375e+00
5.161982536315917969e+00
6.420261383056640625e+00
5.151286125183105469e+00
4.860215187072753906e+00
5.177364826202392578e+00
6.353222846984863281e+00
5.139648437500000000e+00
4.710274219512939453e+00
6.185561180114746094e+00
5.290999412536621094e+00
5.040858745574951172e+00
4.779900550842285156e+00
5.260181427001953125e+00
4.759446620941162109e+00
5.285625457763671875e+00
6.440165042877197266e+00
5.611864566802978516e+00
5.008409500122070312e+00
6.224799156188964844e+00
6.454581737518310547e+00
6.304253578186035156e+00
5.382577896118164062e+00
5.594701290130615234e+00
6.498262405395507812e+00
5.788971900939941406e+00
5.217444419860839844e+00
5.198372364044189453e+00
5.978354930877685547e+00
5.866589546203613281e+00
5.182202816009521484e+00
5.549862384796142578e+00
6.305224895477294922e+00
5.524152278900146484e+00
5.967420578002929688e+00
5.059108257293701172e+00
5.679946899414062500e+00
5.167630672454833984e+00
5.434280872344970703e+00
5.742820739746093750e+00
6.616030693054199219e+00
6.461335659027099609e+00
6.361874103546142578e+00
5.462102890014648438e+00
5.779507160186767578e+00
5.520333290100097656e+00
5.491154193878173828e+00
5.379001140594482422e+00
5.393016338348388672e+00
5.731460571289062500e+00
5.332522869110107422e+00
5.654393196105957031e+00
5.624542713165283203e+00
6.608673572540283203e+00
5.456194400787353516e+00
6.635703086853027344e+00
6.501132488250732422e+00
5.411069869995117188e+00
5.130944728851318359e+00
5.532403945922851562e+00
6.502276897430419922e+00
5.221800804138183594e+00
5.224507808685302734e+00
5.494161128997802734e+00
5.643303394317626953e+00
5.332471370697021484e+00
5.071049213409423828e+00
5.535922050476074219e+00
5.573342800140380859e+00
6.318180561065673828e+00
5.207920074462890625e+00
6.225672721862792969e+00
5.178607463836669922e+00
5.610944747924804688e+00
4.893015861511230469e+00
5.038205146789550781e+00
6.423727512359619141e+00
5.709402084350585938e+00
