7.742906093597412109e+00
7.634261131286621094e+00
7.443575859069824219e+00
6.972950458526611328e+00
6.357769012451171875e+00
5.733289718627929688e+00
5.225054740905761719e+00
4.655750274658203125e+00
4.238885879516601562e+00
3.980725765228271484e+00
3.844544172286987305e+00
3.774001121520996094e+00
3.739549636840820312e+00
3.723814487457275391e+00
3.718928337097167969e+00
3.721267938613891602e+00
3.726707696914672852e+00
3.735269069671630859e+00
3.743848085403442383e+00
3.755402565002441406e+00
3.767050266265869141e+00
3.777591705322265625e+00
3.789825439453125000e+00
3.798182010650634766e+00
3.815506696701049805e+00
3.823274850845336914e+00
3.830583333969116211e+00
3.848295211791992188e+00
3.851894140243530273e+00
3.860537290573120117e+00
3.870523214340209961e+00
3.882407426834106445e+00
3.889959096908569336e+00
3.898762226104736328e+00
3.911893844604492188e+00
3.919799804687500000e+00
3.927408218383789062e+00
3.932939052581787109e+00
3.942199707031250000e+00
3.946476459503173828e+00
3.955105066299438477e+00
3.962316036224365234e+00
3.975468635559082031e+00
3.975870132446289062e+00
3.985218524932861328e+00
3.987644910812377930e+00
3.994821071624755859e+00
4.001071929931640625e+00
4.004943370819091797e+00
4.010787963867187500e+00
4.013432025909423828e+00
4.019439697265625000e+00
4.024685859680175781e+00
4.041753292083740234e+00
4.039246559143066406e+00
4.040419101715087891e+00
4.041309356689453125e+00
4.048856735229492188e+00
4.049664020538330078e+00
4.052916049957275391e+00
4.063510417938232422e+00
4.060879707336425781e+00
4.065269470214843750e+00
4.072563171386718750e+00
4.073883533477783203e+00
4.073110580444335938e+00
4.074086189270019531e+00
4.081884860992431641e+00
4.078883171081542969e+00
4.088630199432373047e+00
4.089438438415527344e+00
4.093368530273437500e+00
4.094819068908691406e+00
4.095014095306396484e+00
4.095426082611083984e+00
4.096069335937500000e+00
4.100797176361083984e+00
4.096117019653320312e+00
4.104739665985107422e+00
4.103803634643554688e+00
4.095820903778076172e+00
4.106881618499755859e+00
4.105467319488525391e+00
4.110411167144775391e+00
4.107954025268554688e+00
4.110660552978515625e+00
4.109681129455566406e+00
4.111867904663085938e+00
4.104824542999267578e+00
4.098340988159179688e+00
4.081093788146972656e+00
4.108656406402587891e+00
4.109013080596923828e+00
4.110908031463623047e+00
4.113742351531982422e+00
4.108968734741210938e+00
4.120873928070068359e+00
4.103756904602050781e+00
4.113821029663085938e+00
4.115175247192382812e+00
4.085313796997070312e+00
4.114672183990478516e+00
4.117062568664550781e+00
4.119607448577880859e+00
4.118631839752197266e+00
4.118708610534667969e+00
4.125205993652343750e+00
4.118703365325927734e+00
4.125366210937500000e+00
4.113292217254638672e+00
4.118997097015380859e+00
4.119023799896240234e+00
4.114126205444335938e+00
4.104636669158935547e+00
4.115306377410888672e+00
4.115561962127685547e+00
4.119063854217529297e+00
4.121977329254150391e+00
4.085831165313720703e+00
4.100130558013916016e+00
4.120103836059570312e+00
4.118346214294433594e+00
4.121797084808349609e+00
4.107317447662353516e+00
4.126817703247070312e+00
4.118745803833007812e+00
4.120442867279052734e+00
4.108602046966552734e+00
4.123267650604248047e+00
4.093626976013183594e+00
4.112301349639892578e+00
4.100576400756835938e+00
4.123198509216308594e+00
4.103842735290527344e+00
4.101980686187744141e+00
4.114819049835205078e+00
4.113677024841308594e+00
4.113465309143066406e+00
4.119772434234619141e+00
4.107238769531250000e+00
4.116519927978515625e+00
4.102046489715576172e+00
4.122032165527343750e+00
4.106798171997070312e+00
4.121886730194091797e+00
4.106802463531494141e+00
4.106484889984130859e+00
4.114600181579589844e+00
4.124348163604736328e+00
4.110127449035644531e+00
4.110771179199218750e+00
4.104795455932617188e+00
4.125722408294677734e+00
4.127371311187744141e+00
4.116549015045166016e+00
4.121512413024902344e+00
4.120204448699951172e+00
4.124183654785156250e+00
4.124333381652832031e+00
4.124403953552246094e+00
4.120200634002685547e+00
4.124057292938232422e+00
4.131320953369140625e+00
4.144382953643798828e+00
4.129275798797607422e+00
4.147625446319580078e+00
4.134934425354003906e+00
4.151528358459472656e+00
4.134844303131103516e+00
4.150903701782226562e+00
4.155687808990478516e+00
4.146978378295898438e+00
4.144258499145507812e+00
4.150973796844482422e+00
4.163921833038330078e+00
4.154742240905761719e+00
4.172847270965576172e+00
4.156132698059082031e+00
4.164583683013916016e+00
4.152558326721191406e+00
4.181338310241699219e+00
4.170279502868652344e+00
4.187818527221679688e+00
4.177568435668945312e+00
4.177299499511718750e+00
4.170467376708984375e+00
4.184424400329589844e+00
4.177733421325683594e+00
4.177717685699462891e+00
4.198564052581787109e+00
4.202263355255126953e+00
4.183465003967285156e+00
4.185517787933349609e+00
4.198069095611572266e+00
4.193740844726562500e+00
4.228942871093750000e+00
4.197145462036132812e+00
4.221474647521972656e+00
4.256615638732910156e+00
4.212344169616699219e+00
4.195576190948486328e+00
4.231667995452880859e+00
4.212457180023193359e+00
4.225362777709960938e+00
4.250185966491699219e+00
4.217329025268554688e+00
4.244807720184326172e+00
4.215067863464355469e+00
4.220880508422851562e+00
4.221109867095947266e+00
4.238124370574951172e+00
4.229550838470458984e+00
4.248967647552490234e+00
4.355220794677734375e+00
4.253019332885742188e+00
4.277554035186767578e+00
4.301043510437011719e+00
4.268933296203613281e+00
4.282278537750244141e+00
4.304491519927978516e+00
4.369000434875488281e+00
4.268206119537353516e+00
4.272417545318603516e+00
4.261817932128906250e+00
4.337587833404541016e+00
4.279179096221923828e+00
4.291338920593261719e+00
4.268057823181152344e+00
4.347721576690673828e+00
4.272707462310791016e+00
4.278755664825439453e+00
4.290699005126953125e+00
4.324213504791259766e+00
4.340070724487304688e+00
4.310719013214111328e+00
4.309254646301269531e+00
4.309149265289306641e+00
4.390294551849365234e+00
4.292312622070312500e+00
4.307742118835449219e+00
4.420107841491699219e+00
4.376518726348876953e+00
4.364248752593994141e+00
4.305056571960449219e+00
4.335333824157714844e+00
4.399871349334716797e+00
4.336226940155029297e+00
4.324322700500488281e+00
4.330066680908203125e+00
4.379670619964599609e+00
4.342511653900146484e+00
4.386189937591552734e+00
4.386112689971923828e+00
4.351806640625000000e+00
4.363914966583251953e+00
4.340160369873046875e+00
4.393484592437744141e+00
4.349018096923828125e+00
4.483420848846435547e+00
4.354143142700195312e+00
4.356623172760009766e+00
4.358020782470703125e+00
4.437583446502685547e+00
4.365821361541748047e+00
4.402058601379394531e+00
4.358450412750244141e+00
4.370246887207031250e+00
4.364019393920898438e+00
4.359543323516845703e+00
4.397018432617187500e+00
4.358297824859619141e+00
4.402909755706787109e+00
4.417682647705078125e+00
4.396012306213378906e+00
4.412683963775634766e+00
4.387700557708740234e+00
4.492417335510253906e+00
4.380035400390625000e+00
4.437845230102539062e+00
4.394628047943115234e+00
4.377226352691650391e+00
4.388798236846923828e+00
4.422620296478271484e+00
4.450840473175048828e+00
4.421521663665771484e+00
4.449594497680664062e+00
4.471050262451171875e+00
4.528121471405029297e+00
4.419139385223388672e+00
4.464834213256835938e+00
4.427385807037353516e+00
4.431676864624023438e+00
4.445425987243652344e+00
4.454842090606689453e+00
4.443775177001953125e+00
4.418424129486083984e+00
4.414233207702636719e+00
4.413562297821044922e+00
4.446212291717529297e+00
4.408270359039306641e+00
