3.917187690734863281e+00
3.906897306442260742e+00
3.897991895675659180e+00
3.883866310119628906e+00
3.869887590408325195e+00
3.868728876113891602e+00
3.850862503051757812e+00
3.831321477890014648e+00
3.832648038864135742e+00
3.820993661880493164e+00
3.815490007400512695e+00
3.798274755477905273e+00
3.789685726165771484e+00
3.782464504241943359e+00
3.774621725082397461e+00
3.769289255142211914e+00
3.763985633850097656e+00
3.763370990753173828e+00
3.758704185485839844e+00
3.748697757720947266e+00
3.743187189102172852e+00
3.740206480026245117e+00
3.736292839050292969e+00
3.731959581375122070e+00
3.726914405822753906e+00
3.725999832153320312e+00
3.722946882247924805e+00
3.720729351043701172e+00
3.721747875213623047e+00
3.721546888351440430e+00
3.721600770950317383e+00
3.721661806106567383e+00
3.720349550247192383e+00
3.722401142120361328e+00
3.722533702850341797e+00
3.735968589782714844e+00
3.739274501800537109e+00
3.733740568161010742e+00
3.748288631439208984e+00
3.750971078872680664e+00
3.764822006225585938e+00
3.754634380340576172e+00
3.769619226455688477e+00
3.774890422821044922e+00
3.775244951248168945e+00
3.807424783706665039e+00
3.799118041992187500e+00
3.805873632431030273e+00
3.814179897308349609e+00
3.827295780181884766e+00
3.834829330444335938e+00
3.841510295867919922e+00
3.852852106094360352e+00
3.860672950744628906e+00
3.879914045333862305e+00
3.888439178466796875e+00
3.904378890991210938e+00
3.920900821685791016e+00
3.942214012145996094e+00
3.950617551803588867e+00
3.969184398651123047e+00
3.968262434005737305e+00
3.985208034515380859e+00
4.004957199096679688e+00
4.022382259368896484e+00
4.043531417846679688e+00
4.065632343292236328e+00
4.084137439727783203e+00
4.106796741485595703e+00
4.130078315734863281e+00
4.151837348937988281e+00
4.171854019165039062e+00
4.198012351989746094e+00
4.220949649810791016e+00
4.245827198028564453e+00
4.273781299591064453e+00
4.300593376159667969e+00
4.328129768371582031e+00
4.356343269348144531e+00
4.386672973632812500e+00
4.430519580841064453e+00
4.448714733123779297e+00
4.479758739471435547e+00
4.515857219696044922e+00
4.545583724975585938e+00
4.583023548126220703e+00
4.616272926330566406e+00
4.651713371276855469e+00
4.692774295806884766e+00
4.728344440460205078e+00
4.764091968536376953e+00
4.802736282348632812e+00
4.845190048217773438e+00
4.890546321868896484e+00
4.930795192718505859e+00
4.975767612457275391e+00
5.017048835754394531e+00
5.062014579772949219e+00
5.105522155761718750e+00
5.155367851257324219e+00
5.195108890533447266e+00
5.248443126678466797e+00
5.293744087219238281e+00
5.345959186553955078e+00
5.397671222686767578e+00
5.451846599578857422e+00
5.504181861877441406e+00
5.560804367065429688e+00
5.615540027618408203e+00
5.696784019470214844e+00
5.743098258972167969e+00
5.799100875854492188e+00
5.849702835083007812e+00
5.913435935974121094e+00
5.974028587341308594e+00
6.046671867370605469e+00
6.093798637390136719e+00
6.162556171417236328e+00
6.231394767761230469e+00
6.294070720672607422e+00
6.365634918212890625e+00
6.437381744384765625e+00
6.506122112274169922e+00
6.578419208526611328e+00
6.651402950286865234e+00
6.728729248046875000e+00
6.804210662841796875e+00
6.888417243957519531e+00
6.967451572418212891e+00
7.040925502777099609e+00
7.120803356170654297e+00
7.200865745544433594e+00
7.287989616394042969e+00
7.378568172454833984e+00
7.454898357391357422e+00
7.540727138519287109e+00
7.641101837158203125e+00
7.723040103912353516e+00
7.827954292297363281e+00
7.913228988647460938e+00
8.008349418640136719e+00
8.095932006835937500e+00
8.202425003051757812e+00
8.288537979125976562e+00
8.415833473205566406e+00
8.494646072387695312e+00
8.601327896118164062e+00
8.711734771728515625e+00
8.802360534667968750e+00
8.915143966674804688e+00
9.026608467102050781e+00
9.135619163513183594e+00
9.252899169921875000e+00
9.369259834289550781e+00
9.478509902954101562e+00
9.595305442810058594e+00
9.713572502136230469e+00
9.830379486083984375e+00
9.959516525268554688e+00
1.007404518127441406e+01
1.023193264007568359e+01
1.034130573272705078e+01
1.045606231689453125e+01
1.059404945373535156e+01
1.073820590972900391e+01
1.086449337005615234e+01
1.100833129882812500e+01
1.114343547821044922e+01
1.130268096923828125e+01
1.142703819274902344e+01
1.159216022491455078e+01
1.170573902130126953e+01
1.188319396972656250e+01
1.203342819213867188e+01
1.218112182617187500e+01
1.232511138916015625e+01
1.247443389892578125e+01
1.264444637298583984e+01
1.280228900909423828e+01
1.295182991027832031e+01
1.311527252197265625e+01
1.330693244934082031e+01
1.347633171081542969e+01
1.362093067169189453e+01
1.381900215148925781e+01
1.397433853149414062e+01
1.414531707763671875e+01
1.433339023590087891e+01
1.449420928955078125e+01
1.468787765502929688e+01
1.488092613220214844e+01
1.505889797210693359e+01
1.524165248870849609e+01
1.543882656097412109e+01
1.563031101226806641e+01
1.582851791381835938e+01
1.605864715576171875e+01
1.623710060119628906e+01
1.643567848205566406e+01
1.664275932312011719e+01
1.687688446044921875e+01
1.709018898010253906e+01
1.727919960021972656e+01
1.749242591857910156e+01
1.772239112854003906e+01
1.795511817932128906e+01
1.819213485717773438e+01
1.839362525939941406e+01
1.864088821411132812e+01
1.885655975341796875e+01
1.908472442626953125e+01
1.932794761657714844e+01
1.959303855895996094e+01
1.981250572204589844e+01
2.009609222412109375e+01
2.033439064025878906e+01
2.061173248291015625e+01
2.082310485839843750e+01
2.108302497863769531e+01
2.136947059631347656e+01
2.160991477966308594e+01
2.188854217529296875e+01
2.217520523071289062e+01
2.243975067138671875e+01
2.271628952026367188e+01
2.300959205627441406e+01
2.328582954406738281e+01
2.356763839721679688e+01
2.384435844421386719e+01
2.418332099914550781e+01
2.446351814270019531e+01
2.480429267883300781e+01
2.505998420715332031e+01
2.535909271240234375e+01
2.565665626525878906e+01
2.597449302673339844e+01
2.631122207641601562e+01
2.663146781921386719e+01
2.695552635192871094e+01
2.729090690612792969e+01
2.763695526123046875e+01
2.798427391052246094e+01
2.831524658203125000e+01
2.865586090087890625e+01
2.898684692382812500e+01
2.936448860168457031e+01
2.969534492492675781e+01
3.005979347229003906e+01
3.043836402893066406e+01
3.082425498962402344e+01
3.118364334106445312e+01
3.155358123779296875e+01
3.194472885131835938e+01
3.228776550292968750e+01
3.267653656005859375e+01
3.306121826171875000e+01
3.346381759643554688e+01
3.385916900634765625e+01
3.426794052124023438e+01
3.470287322998046875e+01
3.509312057495117188e+01
3.554551696777343750e+01
3.593655014038085938e+01
3.636323165893554688e+01
3.680093002319335938e+01
3.726200866699218750e+01
3.765374755859375000e+01
3.811957550048828125e+01
3.854766845703125000e+01
3.902945327758789062e+01
3.953814315795898438e+01
3.992100906372070312e+01
4.039198303222656250e+01
4.086972808837890625e+01
4.133833312988281250e+01
4.187092590332031250e+01
4.237036514282226562e+01
4.286000061035156250e+01
4.333492279052734375e+01
4.391738128662109375e+01
4.432936859130859375e+01
4.485940933227539062e+01
4.541356658935546875e+01
4.597529983520507812e+01
4.645575332641601562e+01
4.696947860717773438e+01
4.754795455932617188e+01
4.811503601074218750e+01
4.867906951904296875e+01
4.915025711059570312e+01
4.983086013793945312e+01
5.029106903076171875e+01
5.095906829833984375e+01
5.144928741455078125e+01
5.203206634521484375e+01
5.268195724487304688e+01
5.331124114990234375e+01
5.384092330932617188e+01
5.450599288940429688e+01
5.513785171508789062e+01
