7.766229152679443359e+00
4.274707317352294922e+00
4.005693435668945312e+00
3.934537172317504883e+00
3.917071819305419922e+00
3.906780481338500977e+00
3.899045705795288086e+00
3.898624897003173828e+00
3.898699998855590820e+00
3.890276432037353516e+00
3.886360406875610352e+00
3.884371042251586914e+00
3.885184764862060547e+00
3.891902446746826172e+00
3.890047550201416016e+00
3.905455112457275391e+00
3.894027471542358398e+00
3.903848409652709961e+00
3.905556917190551758e+00
3.899299383163452148e+00
3.922578811645507812e+00
3.913710355758666992e+00
3.904068470001220703e+00
3.912790536880493164e+00
3.924354553222656250e+00
3.915744543075561523e+00
3.927652359008789062e+00
3.919244766235351562e+00
3.917648553848266602e+00
3.930186271667480469e+00
3.925248384475708008e+00
3.944813013076782227e+00
3.944468259811401367e+00
3.939266681671142578e+00
3.951213359832763672e+00
3.965893745422363281e+00
3.951402664184570312e+00
3.960392713546752930e+00
3.963402032852172852e+00
3.976713418960571289e+00
3.977887630462646484e+00
3.982989072799682617e+00
3.980045795440673828e+00
3.986292123794555664e+00
3.997516870498657227e+00
3.989875078201293945e+00
4.001272201538085938e+00
4.004932403564453125e+00
4.004720211029052734e+00
4.014855384826660156e+00
4.017318248748779297e+00
4.025398254394531250e+00
4.071197032928466797e+00
4.031783103942871094e+00
4.040931701660156250e+00
4.041077613830566406e+00
4.049093723297119141e+00
4.055902004241943359e+00
4.061296463012695312e+00
4.071757316589355469e+00
4.067487716674804688e+00
4.073431015014648438e+00
4.081162452697753906e+00
4.101461410522460938e+00
4.091906547546386719e+00
4.099297523498535156e+00
4.143863201141357422e+00
4.153330326080322266e+00
4.111512184143066406e+00
4.110253334045410156e+00
4.134380817413330078e+00
4.123219966888427734e+00
4.135243415832519531e+00
4.144343852996826172e+00
4.149713039398193359e+00
4.151470661163330078e+00
4.166985511779785156e+00
4.164932250976562500e+00
4.154937267303466797e+00
4.166273117065429688e+00
4.196952819824218750e+00
4.181157588958740234e+00
4.187935829162597656e+00
4.192585468292236328e+00
4.219928264617919922e+00
4.196801662445068359e+00
4.217760562896728516e+00
4.211410999298095703e+00
4.223155975341796875e+00
4.223084926605224609e+00
4.235536575317382812e+00
4.230566024780273438e+00
4.227797985076904297e+00
4.251187801361083984e+00
4.248697757720947266e+00
4.244812965393066406e+00
4.247841358184814453e+00
4.260598182678222656e+00
4.279108524322509766e+00
4.269299507141113281e+00
