1.936710357666015625e+00
1.159077882766723633e+00
1.119821310043334961e+00
1.083979487419128418e+00
1.072378635406494141e+00
1.038114547729492188e+00
1.026452302932739258e+00
1.015722513198852539e+00
1.011083483695983887e+00
9.965173006057739258e-01
9.909092187881469727e-01
9.877015948295593262e-01
9.849409461021423340e-01
9.828209280967712402e-01
9.787512421607971191e-01
9.797860980033874512e-01
9.747486114501953125e-01
9.740915894508361816e-01
9.732210636138916016e-01
9.722231626510620117e-01
9.722343683242797852e-01
9.712535142898559570e-01
9.707010984420776367e-01
9.705614447593688965e-01
9.707478880882263184e-01
9.712567925453186035e-01
9.722586274147033691e-01
9.728590846061706543e-01
9.729245901107788086e-01
9.733122587203979492e-01
9.733124971389770508e-01
9.736668467521667480e-01
9.737491607666015625e-01
9.754055142402648926e-01
9.741217494010925293e-01
9.756001830101013184e-01
9.750272035598754883e-01
9.762551188468933105e-01
9.758282899856567383e-01
9.764813780784606934e-01
9.766339063644409180e-01
9.766381978988647461e-01
9.767128229141235352e-01
9.775529503822326660e-01
9.778314828872680664e-01
9.775524735450744629e-01
9.780063629150390625e-01
9.768495559692382812e-01
9.785463809967041016e-01
9.815315604209899902e-01
9.776210784912109375e-01
9.850875735282897949e-01
9.772005081176757812e-01
9.775076508522033691e-01
9.795855879783630371e-01
9.793910384178161621e-01
9.788326621055603027e-01
9.833359122276306152e-01
9.841974973678588867e-01
9.783815741539001465e-01
9.838413596153259277e-01
9.823473095893859863e-01
9.803189039230346680e-01
9.860848784446716309e-01
9.796761274337768555e-01
9.856311082839965820e-01
9.793030023574829102e-01
9.859497547149658203e-01
9.806747436523437500e-01
9.840875864028930664e-01
9.818133115768432617e-01
9.807297587394714355e-01
9.800688624382019043e-01
9.871692061424255371e-01
9.788638353347778320e-01
9.802978038787841797e-01
9.799077510833740234e-01
9.815976619720458984e-01
9.846522808074951172e-01
9.812871217727661133e-01
9.793412685394287109e-01
9.818466901779174805e-01
9.836168885231018066e-01
9.892711043357849121e-01
9.812483191490173340e-01
9.877626895904541016e-01
9.803715944290161133e-01
9.826083183288574219e-01
9.804641008377075195e-01
9.811027646064758301e-01
9.811902642250061035e-01
9.827868938446044922e-01
9.826974272727966309e-01
9.816377758979797363e-01
9.813601374626159668e-01
9.869084954261779785e-01
9.820803999900817871e-01
9.841039180755615234e-01
9.813880920410156250e-01
9.836656451225280762e-01
