3.809277057647705078e+00
3.775083780288696289e+00
3.744573116302490234e+00
3.716781377792358398e+00
3.692234992980957031e+00
3.670734643936157227e+00
3.652467489242553711e+00
3.637938261032104492e+00
3.627011060714721680e+00
3.620138406753540039e+00
3.616537332534790039e+00
3.617267608642578125e+00
3.621828317642211914e+00
3.631007671356201172e+00
3.644430875778198242e+00
3.662192583084106445e+00
3.684352636337280273e+00
3.711957931518554688e+00
3.743525981903076172e+00
3.779210567474365234e+00
3.821843862533569336e+00
3.868875741958618164e+00
3.921597003936767578e+00
3.979873657226562500e+00
4.038125514984130859e+00
4.109454631805419922e+00
4.178962707519531250e+00
4.261545181274414062e+00
4.345283031463623047e+00
4.430796623229980469e+00
4.524632453918457031e+00
4.624050140380859375e+00
4.732189178466796875e+00
4.863476753234863281e+00
5.009535312652587891e+00
5.148132324218750000e+00
5.293152809143066406e+00
5.458109378814697266e+00
5.582691192626953125e+00
5.729937553405761719e+00
5.881988048553466797e+00
6.141969203948974609e+00
6.337794303894042969e+00
6.531292915344238281e+00
6.744334697723388672e+00
6.940309047698974609e+00
7.192658424377441406e+00
7.458250999450683594e+00
7.698676109313964844e+00
7.969678401947021484e+00
8.202824592590332031e+00
8.546742439270019531e+00
8.855383872985839844e+00
9.129770278930664062e+00
9.511338233947753906e+00
9.858202934265136719e+00
1.018050479888916016e+01
1.060334491729736328e+01
1.106774520874023438e+01
1.147937011718750000e+01
1.190544795989990234e+01
1.234921646118164062e+01
1.269753932952880859e+01
1.319930553436279297e+01
1.346689128875732422e+01
1.416871452331542969e+01
1.469310188293457031e+01
1.523637962341308594e+01
1.579791069030761719e+01
1.643153762817382812e+01
1.703537368774414062e+01
1.766395378112792969e+01
1.832130050659179688e+01
1.899284172058105469e+01
1.969086265563964844e+01
2.015851783752441406e+01
2.118582153320312500e+01
2.195745468139648438e+01
2.278178024291992188e+01
2.358714866638183594e+01
2.444191169738769531e+01
2.531342506408691406e+01
2.626265335083007812e+01
2.742009544372558594e+01
2.814928054809570312e+01
2.915625000000000000e+01
3.019589042663574219e+01
3.113137054443359375e+01
3.232739257812500000e+01
3.352006149291992188e+01
3.464943695068359375e+01
3.584352493286132812e+01
3.709022140502929688e+01
3.885580825805664062e+01
4.020588684082031250e+01
4.160398101806640625e+01
4.304626464843750000e+01
4.451620101928710938e+01
4.604717254638671875e+01
4.762827682495117188e+01
