1.080453515052795410e+00
1.088547348976135254e+00
1.074997544288635254e+00
1.061898589134216309e+00
1.050330519676208496e+00
1.037688374519348145e+00
1.027359485626220703e+00
1.016802906990051270e+00
1.009000062942504883e+00
1.000752806663513184e+00
9.929779171943664551e-01
9.872304201126098633e-01
9.815821051597595215e-01
9.774912595748901367e-01
9.745514988899230957e-01
9.721635580062866211e-01
9.705493450164794922e-01
9.709494113922119141e-01
9.722550511360168457e-01
9.747251868247985840e-01
9.785798788070678711e-01
9.748362898826599121e-01
9.767489433288574219e-01
9.777241349220275879e-01
9.803961515426635742e-01
9.811498522758483887e-01
9.834980964660644531e-01
9.898645281791687012e-01
9.968397021293640137e-01
9.888055920600891113e-01
9.921878576278686523e-01
9.993527531623840332e-01
9.994590282440185547e-01
9.990954399108886719e-01
1.005199074745178223e+00
1.011697888374328613e+00
1.008306622505187988e+00
1.008773565292358398e+00
1.012543559074401855e+00
1.016761302947998047e+00
1.022423267364501953e+00
1.021945118904113770e+00
1.024288177490234375e+00
1.027597308158874512e+00
1.032930016517639160e+00
1.037337303161621094e+00
1.038940310478210449e+00
1.043159961700439453e+00
1.045938968658447266e+00
1.048071980476379395e+00
1.051649332046508789e+00
1.055833578109741211e+00
1.058264970779418945e+00
1.061748385429382324e+00
1.066971898078918457e+00
1.073816180229187012e+00
1.074811816215515137e+00
1.078022837638854980e+00
1.080853343009948730e+00
1.087011694908142090e+00
1.089069247245788574e+00
1.092765808105468750e+00
1.096545338630676270e+00
1.101610064506530762e+00
1.103314638137817383e+00
1.107660174369812012e+00
1.110979676246643066e+00
1.118118286132812500e+00
1.119260311126708984e+00
1.123013854026794434e+00
1.127603650093078613e+00
1.132599830627441406e+00
1.139989733695983887e+00
1.143013715744018555e+00
1.148117303848266602e+00
1.154910206794738770e+00
1.160335659980773926e+00
1.165405869483947754e+00
1.170292019844055176e+00
1.176612019538879395e+00
1.185435414314270020e+00
1.189242124557495117e+00
1.196094274520874023e+00
1.203282594680786133e+00
1.209636926651000977e+00
1.215989470481872559e+00
1.225598931312561035e+00
1.229991316795349121e+00
1.237908244132995605e+00
1.245503664016723633e+00
1.253590703010559082e+00
1.261134028434753418e+00
1.270661473274230957e+00
1.277941823005676270e+00
1.286112785339355469e+00
1.295741319656372070e+00
1.302965760231018066e+00
1.312403202056884766e+00
1.324096083641052246e+00
1.333345651626586914e+00
