1.040614247322082520e+00
1.024258255958557129e+00
1.016247510910034180e+00
1.006183743476867676e+00
9.977681040763854980e-01
9.890770912170410156e-01
9.823190569877624512e-01
9.779841303825378418e-01
9.742412567138671875e-01
9.721888899803161621e-01
9.705417156219482422e-01
9.712259769439697266e-01
9.728779792785644531e-01
9.758364558219909668e-01
9.769172072410583496e-01
9.748685359954833984e-01
9.792476296424865723e-01
9.783332347869873047e-01
9.795708060264587402e-01
9.818125367164611816e-01
9.844073653221130371e-01
9.860113263130187988e-01
9.922633171081542969e-01
9.897034764289855957e-01
9.977166652679443359e-01
9.948706030845642090e-01
1.001281023025512695e+00
1.001279234886169434e+00
1.006651639938354492e+00
1.007251143455505371e+00
1.013110637664794922e+00
1.013918757438659668e+00
1.019380807876586914e+00
1.021504282951354980e+00
1.025076270103454590e+00
1.027647137641906738e+00
1.030431032180786133e+00
1.034287095069885254e+00
1.041853785514831543e+00
1.040141940116882324e+00
1.045649766921997070e+00
1.052399516105651855e+00
1.058942675590515137e+00
1.058253645896911621e+00
1.059260964393615723e+00
1.064598679542541504e+00
1.067636489868164062e+00
1.069549918174743652e+00
1.075018405914306641e+00
1.078618288040161133e+00
1.083279728889465332e+00
1.084094643592834473e+00
1.087085723876953125e+00
1.090897321701049805e+00
1.096496343612670898e+00
1.100226283073425293e+00
1.103857874870300293e+00
1.108829140663146973e+00
1.111846208572387695e+00
1.113887906074523926e+00
1.119998455047607422e+00
1.123215079307556152e+00
1.128341674804687500e+00
1.133251428604125977e+00
1.139927864074707031e+00
1.144322633743286133e+00
1.152538180351257324e+00
1.156000852584838867e+00
1.161698460578918457e+00
1.168924212455749512e+00
1.174035906791687012e+00
1.174903631210327148e+00
1.188073396682739258e+00
1.195179104804992676e+00
1.203976988792419434e+00
1.210191488265991211e+00
1.218543052673339844e+00
1.225713849067687988e+00
1.236013650894165039e+00
1.243956327438354492e+00
1.251658678054809570e+00
1.261978149414062500e+00
1.269267797470092773e+00
1.278602600097656250e+00
1.288255214691162109e+00
1.299243211746215820e+00
1.309931397438049316e+00
1.319632053375244141e+00
1.327851295471191406e+00
1.338302850723266602e+00
1.347508072853088379e+00
1.358104825019836426e+00
1.369402289390563965e+00
1.378108739852905273e+00
1.390358090400695801e+00
1.401376605033874512e+00
1.408620834350585938e+00
1.422333002090454102e+00
1.431994080543518066e+00
1.452010154724121094e+00
