1.146964073181152344e+00
1.137497663497924805e+00
1.130296230316162109e+00
1.124362945556640625e+00
1.117138981819152832e+00
1.111145973205566406e+00
1.146795511245727539e+00
1.110193729400634766e+00
1.117564678192138672e+00
1.103316903114318848e+00
1.089985966682434082e+00
1.076987504959106445e+00
1.064301967620849609e+00
1.052936911582946777e+00
1.042338013648986816e+00
1.032097935676574707e+00
1.022275567054748535e+00
1.013495564460754395e+00
1.005528569221496582e+00
9.950717687606811523e-01
9.917278885841369629e-01
9.862343072891235352e-01
9.811823964118957520e-01
9.774441719055175781e-01
9.743419289588928223e-01
9.719974398612976074e-01
9.708786606788635254e-01
9.706292748451232910e-01
9.712927937507629395e-01
9.730694890022277832e-01
9.760657548904418945e-01
9.803377389907836914e-01
9.774190187454223633e-01
9.762398004531860352e-01
9.774915575981140137e-01
9.787967205047607422e-01
9.818679690361022949e-01
9.848073720932006836e-01
9.839817881584167480e-01
9.860908389091491699e-01
9.884034395217895508e-01
9.918357133865356445e-01
9.890621900558471680e-01
9.909071326255798340e-01
9.981465339660644531e-01
9.973081946372985840e-01
9.963552951812744141e-01
9.977290034294128418e-01
1.002479672431945801e+00
1.003908038139343262e+00
1.011258602142333984e+00
1.008151173591613770e+00
1.010824918746948242e+00
1.012540578842163086e+00
1.015770196914672852e+00
1.018181443214416504e+00
1.020242452621459961e+00
1.022999882698059082e+00
1.025548577308654785e+00
1.029614686965942383e+00
1.031530857086181641e+00
1.034569263458251953e+00
1.043054103851318359e+00
1.044919848442077637e+00
1.042934775352478027e+00
1.045968770980834961e+00
1.056710600852966309e+00
1.058432817459106445e+00
1.054752349853515625e+00
1.060701489448547363e+00
1.061692476272583008e+00
1.066142439842224121e+00
1.068349123001098633e+00
1.070650577545166016e+00
1.074335336685180664e+00
1.077435374259948730e+00
1.080881237983703613e+00
1.084442257881164551e+00
1.087098360061645508e+00
1.090371966361999512e+00
1.093829035758972168e+00
1.097075819969177246e+00
1.099938631057739258e+00
1.108082175254821777e+00
1.106840610504150391e+00
1.111060738563537598e+00
1.115446567535400391e+00
1.118646860122680664e+00
1.122408747673034668e+00
1.125827550888061523e+00
1.130723357200622559e+00
1.135376691818237305e+00
1.140030026435852051e+00
1.144557952880859375e+00
1.148628234863281250e+00
1.156626224517822266e+00
1.159606695175170898e+00
1.162840843200683594e+00
1.170137166976928711e+00
1.175884485244750977e+00
