1.064429521560668945e+00
1.048720359802246094e+00
1.030660629272460938e+00
1.022659778594970703e+00
1.009692549705505371e+00
1.000122070312500000e+00
9.917174577713012695e-01
9.844691753387451172e-01
9.786986112594604492e-01
9.747630357742309570e-01
9.716273546218872070e-01
9.704844951629638672e-01
9.715279936790466309e-01
9.741475582122802734e-01
9.739449024200439453e-01
9.843565225601196289e-01
9.754574298858642578e-01
9.771363735198974609e-01
9.841757416725158691e-01
9.858034849166870117e-01
9.840506315231323242e-01
9.897067546844482422e-01
9.879288673400878906e-01
9.898363947868347168e-01
9.949652552604675293e-01
9.958000183105468750e-01
9.982962012290954590e-01
1.008563041687011719e+00
1.011409521102905273e+00
1.005884289741516113e+00
1.009005427360534668e+00
1.014574170112609863e+00
1.023664474487304688e+00
1.024722576141357422e+00
1.024531483650207520e+00
1.028461337089538574e+00
1.035045027732849121e+00
1.039476990699768066e+00
1.041602969169616699e+00
1.039453864097595215e+00
1.044219970703125000e+00
1.048453927040100098e+00
1.052541732788085938e+00
1.054170370101928711e+00
1.058542966842651367e+00
1.061964154243469238e+00
1.070015549659729004e+00
1.071634769439697266e+00
1.076918840408325195e+00
1.077894091606140137e+00
1.082064867019653320e+00
1.084545373916625977e+00
1.087596416473388672e+00
1.094347000122070312e+00
1.095288634300231934e+00
1.099794507026672363e+00
1.104854464530944824e+00
1.109623789787292480e+00
1.113006472587585449e+00
1.116218209266662598e+00
1.120813965797424316e+00
1.126346349716186523e+00
1.134017586708068848e+00
1.137377381324768066e+00
1.144062638282775879e+00
1.150617837905883789e+00
1.156117200851440430e+00
1.162586450576782227e+00
1.169301867485046387e+00
1.177357316017150879e+00
1.184259176254272461e+00
1.190740704536437988e+00
1.198667049407958984e+00
1.207059025764465332e+00
1.218013286590576172e+00
1.222219705581665039e+00
1.232883572578430176e+00
1.240230560302734375e+00
1.249203085899353027e+00
1.259976387023925781e+00
1.268335342407226562e+00
1.276833057403564453e+00
1.290411233901977539e+00
1.266566395759582520e+00
1.308082342147827148e+00
1.318920373916625977e+00
1.329732179641723633e+00
1.338102221488952637e+00
1.348376989364624023e+00
1.361062645912170410e+00
1.370959520339965820e+00
1.382474422454833984e+00
1.395533919334411621e+00
1.404427766799926758e+00
1.415666699409484863e+00
1.429812192916870117e+00
1.439237475395202637e+00
1.450407505035400391e+00
1.462632656097412109e+00
1.483049750328063965e+00
