1.690912008285522461e+00
1.698131918907165527e+00
1.664748430252075195e+00
1.656172752380371094e+00
1.651965856552124023e+00
1.637520909309387207e+00
1.618365406990051270e+00
1.627649784088134766e+00
1.663946390151977539e+00
1.648717999458312988e+00
1.625910878181457520e+00
1.611365795135498047e+00
1.601557016372680664e+00
1.629989743232727051e+00
1.598207116127014160e+00
1.602780103683471680e+00
1.615447759628295898e+00
1.593256354331970215e+00
1.581615567207336426e+00
1.592285394668579102e+00
1.580361604690551758e+00
1.574200510978698730e+00
1.559505462646484375e+00
1.576381921768188477e+00
1.549651861190795898e+00
1.537856698036193848e+00
1.535387635231018066e+00
1.532238364219665527e+00
1.507659316062927246e+00
1.495325326919555664e+00
1.492411494255065918e+00
1.462958812713623047e+00
1.444981217384338379e+00
1.418784022331237793e+00
1.279907464981079102e+00
1.351709008216857910e+00
1.301722407341003418e+00
1.240481853485107422e+00
1.181782603263854980e+00
1.169646978378295898e+00
1.096715927124023438e+00
1.057854890823364258e+00
1.038777589797973633e+00
1.022180914878845215e+00
1.001858949661254883e+00
9.864717721939086914e-01
9.764586687088012695e-01
9.711408019065856934e-01
9.726449251174926758e-01
9.780402183532714844e-01
9.894539117813110352e-01
1.004188895225524902e+00
1.024543762207031250e+00
1.047948002815246582e+00
1.073993921279907227e+00
1.106207847595214844e+00
1.149522542953491211e+00
1.186594963073730469e+00
1.226056098937988281e+00
1.284929513931274414e+00
1.331417083740234375e+00
1.376570463180541992e+00
1.420799612998962402e+00
1.488864898681640625e+00
1.524004578590393066e+00
1.580029368400573730e+00
1.614731550216674805e+00
1.672343015670776367e+00
1.717265129089355469e+00
1.718533396720886230e+00
1.749165415763854980e+00
1.764805316925048828e+00
1.809737205505371094e+00
1.822164297103881836e+00
1.840770244598388672e+00
1.866778731346130371e+00
1.842945337295532227e+00
1.878951311111450195e+00
1.860237598419189453e+00
1.893254995346069336e+00
1.877384781837463379e+00
1.889531850814819336e+00
1.898515462875366211e+00
1.918299674987792969e+00
1.964159011840820312e+00
1.913159251213073730e+00
1.933675169944763184e+00
1.963405847549438477e+00
1.961439132690429688e+00
1.980492353439331055e+00
1.932037234306335449e+00
1.945087552070617676e+00
1.931877732276916504e+00
1.966721534729003906e+00
1.932293772697448730e+00
1.980901122093200684e+00
1.973910450935363770e+00
1.978668689727783203e+00
1.946613311767578125e+00
1.975644350051879883e+00
