2.062918901443481445e+00
9.962750077247619629e-01
9.858922958374023438e-01
9.759069085121154785e-01
9.755913615226745605e-01
9.719058275222778320e-01
9.706113338470458984e-01
9.717693328857421875e-01
9.732061028480529785e-01
9.732927680015563965e-01
9.749900102615356445e-01
9.733948111534118652e-01
9.756534695625305176e-01
9.766398668289184570e-01
9.808390140533447266e-01
9.836341142654418945e-01
9.801924824714660645e-01
9.805490970611572266e-01
9.847585558891296387e-01
9.865485429763793945e-01
9.858807325363159180e-01
9.869593977928161621e-01
9.942035675048828125e-01
9.942145943641662598e-01
9.931308627128601074e-01
9.944607019424438477e-01
9.989268779754638672e-01
1.001389980316162109e+00
1.001630902290344238e+00
1.006564497947692871e+00
1.005329966545104980e+00
1.007930517196655273e+00
1.011061310768127441e+00
1.014166235923767090e+00
1.014792084693908691e+00
1.017648935317993164e+00
1.025445818901062012e+00
1.020936012268066406e+00
1.023925662040710449e+00
1.025795698165893555e+00
1.029624700546264648e+00
1.034588456153869629e+00
1.035580158233642578e+00
1.034806966781616211e+00
1.037272572517395020e+00
1.040933728218078613e+00
1.042051553726196289e+00
1.044179081916809082e+00
1.047896265983581543e+00
1.048695325851440430e+00
1.051961302757263184e+00
1.057031393051147461e+00
1.057952046394348145e+00
1.059144735336303711e+00
1.059913396835327148e+00
1.063829779624938965e+00
1.067349076271057129e+00
1.066277861595153809e+00
1.068627595901489258e+00
1.071652889251708984e+00
1.074316740036010742e+00
1.075945377349853516e+00
1.076688647270202637e+00
1.078046441078186035e+00
1.080545306205749512e+00
1.083442568778991699e+00
1.084815382957458496e+00
1.088109016418457031e+00
1.089890599250793457e+00
1.092672944068908691e+00
1.095979928970336914e+00
1.099596619606018066e+00
1.104892969131469727e+00
1.106395363807678223e+00
1.109497547149658203e+00
1.115308880805969238e+00
1.118110418319702148e+00
1.121415376663208008e+00
1.125596880912780762e+00
1.129369735717773438e+00
1.134352087974548340e+00
1.138634800910949707e+00
1.125697255134582520e+00
1.147837758064270020e+00
1.153489112854003906e+00
1.157123923301696777e+00
1.164081931114196777e+00
1.159598827362060547e+00
1.180187106132507324e+00
1.177663803100585938e+00
1.185132741928100586e+00
1.187823295593261719e+00
1.192065000534057617e+00
1.199941754341125488e+00
1.150225043296813965e+00
1.206985592842102051e+00
1.212958455085754395e+00
1.216863155364990234e+00
1.224279999732971191e+00
1.227514505386352539e+00
