1.024049758911132812e+00
1.023360729217529297e+00
1.014329433441162109e+00
1.006755948066711426e+00
9.995645880699157715e-01
9.930526018142700195e-01
9.874128699302673340e-01
9.825298786163330078e-01
9.782312512397766113e-01
9.752116799354553223e-01
9.724562764167785645e-01
9.714442491531372070e-01
9.705092310905456543e-01
9.711339473724365234e-01
9.722586274147033691e-01
9.750010371208190918e-01
9.784553050994873047e-01
9.829885363578796387e-01
9.801741838455200195e-01
9.818691015243530273e-01
9.843289852142333984e-01
9.886895418167114258e-01
9.909344315528869629e-01
9.940427541732788086e-01
9.949151873588562012e-01
9.976419806480407715e-01
1.003341674804687500e+00
1.004622817039489746e+00
1.008991003036499023e+00
1.010476708412170410e+00
1.016975522041320801e+00
1.022022724151611328e+00
1.021679878234863281e+00
1.025443911552429199e+00
1.035667657852172852e+00
1.035261988639831543e+00
1.044709086418151855e+00
1.040694236755371094e+00
1.045059561729431152e+00
1.050871133804321289e+00
1.052570939064025879e+00
1.058318257331848145e+00
1.061976075172424316e+00
1.063820481300354004e+00
1.068524122238159180e+00
1.071398138999938965e+00
1.075977325439453125e+00
1.080544829368591309e+00
1.085537791252136230e+00
1.088785409927368164e+00
1.092538356781005859e+00
1.097407698631286621e+00
1.100476264953613281e+00
1.105035901069641113e+00
1.109325289726257324e+00
1.114022970199584961e+00
1.118404269218444824e+00
1.121886014938354492e+00
1.128059506416320801e+00
1.130471944808959961e+00
1.135782241821289062e+00
1.141668319702148438e+00
1.144826054573059082e+00
1.149958848953247070e+00
1.153853774070739746e+00
1.159324645996093750e+00
1.163829565048217773e+00
1.171555399894714355e+00
1.175732254981994629e+00
1.181130647659301758e+00
1.186236381530761719e+00
1.193370580673217773e+00
1.197775006294250488e+00
1.204715728759765625e+00
1.211414217948913574e+00
1.217061638832092285e+00
1.223559975624084473e+00
1.230576395988464355e+00
1.236752271652221680e+00
1.248886585235595703e+00
1.251274108886718750e+00
1.259551525115966797e+00
1.265667080879211426e+00
1.273389101028442383e+00
1.283486723899841309e+00
1.288066864013671875e+00
1.295940518379211426e+00
1.303564071655273438e+00
1.311932206153869629e+00
1.319320678710937500e+00
1.326733946800231934e+00
1.335017204284667969e+00
1.343731880187988281e+00
1.351601839065551758e+00
1.359801173210144043e+00
1.368032455444335938e+00
1.377034187316894531e+00
1.385839581489562988e+00
1.394630789756774902e+00
1.402698278427124023e+00
