1.939467906951904297e+00
1.151767134666442871e+00
1.118690133094787598e+00
1.087715268135070801e+00
1.064798712730407715e+00
1.039746880531311035e+00
1.027487993240356445e+00
1.010903477668762207e+00
1.008376479148864746e+00
1.004461646080017090e+00
9.920492768287658691e-01
9.897374510765075684e-01
9.863103628158569336e-01
9.866861104965209961e-01
9.788272380828857422e-01
9.772394895553588867e-01
9.755721092224121094e-01
9.745805859565734863e-01
9.741683602333068848e-01
9.720320701599121094e-01
9.722096920013427734e-01
9.715661406517028809e-01
9.710780382156372070e-01
9.705810546875000000e-01
9.705926775932312012e-01
9.710301756858825684e-01
9.716884493827819824e-01
9.725238084793090820e-01
9.729784131050109863e-01
9.731310009956359863e-01
9.738202691078186035e-01
9.742538928985595703e-01
9.745957851409912109e-01
9.754784703254699707e-01
9.740983247756958008e-01
9.757467508316040039e-01
9.760530591011047363e-01
9.756793379783630371e-01
9.769338965415954590e-01
9.771782755851745605e-01
9.772308468818664551e-01
9.771667718887329102e-01
9.769355058670043945e-01
9.755875468254089355e-01
9.772616624832153320e-01
9.762741923332214355e-01
9.783248305320739746e-01
9.765455126762390137e-01
9.787414669990539551e-01
9.797826409339904785e-01
9.790456295013427734e-01
9.769665002822875977e-01
9.820895195007324219e-01
9.783223271369934082e-01
9.812706112861633301e-01
9.826288819313049316e-01
9.778570532798767090e-01
9.827053546905517578e-01
9.774420857429504395e-01
9.813174009323120117e-01
9.782482981681823730e-01
9.783673286437988281e-01
9.817472100257873535e-01
9.840702414512634277e-01
9.839444160461425781e-01
9.831218719482421875e-01
9.834506511688232422e-01
9.792084097862243652e-01
9.833476543426513672e-01
9.828483462333679199e-01
9.847981929779052734e-01
9.842604994773864746e-01
9.851046800613403320e-01
9.806346893310546875e-01
9.796472787857055664e-01
9.853869080543518066e-01
9.818687438964843750e-01
9.806249141693115234e-01
9.825878739356994629e-01
9.799925088882446289e-01
9.818646311759948730e-01
9.862349033355712891e-01
9.833841323852539062e-01
9.856805801391601562e-01
9.863318204879760742e-01
9.864572882652282715e-01
9.849033951759338379e-01
9.815758466720581055e-01
9.818022251129150391e-01
9.810112118721008301e-01
9.819667339324951172e-01
9.822885394096374512e-01
9.852889776229858398e-01
9.841974973678588867e-01
9.827006459236145020e-01
9.834164977073669434e-01
9.810566902160644531e-01
9.834451675415039062e-01
9.819662570953369141e-01
9.818928241729736328e-01
