4.024418354034423828e+00
4.009407520294189453e+00
3.990826368331909180e+00
3.973908662796020508e+00
3.957440614700317383e+00
3.940498590469360352e+00
3.928823947906494141e+00
3.915775775909423828e+00
3.903230905532836914e+00
3.887089252471923828e+00
3.877386808395385742e+00
3.861410379409790039e+00
3.852594137191772461e+00
3.842027664184570312e+00
3.830401897430419922e+00
3.820695161819458008e+00
3.805185794830322266e+00
3.801712512969970703e+00
3.790705204010009766e+00
3.776802778244018555e+00
3.776477813720703125e+00
3.769124269485473633e+00
3.747901201248168945e+00
3.752934932708740234e+00
3.749610900878906250e+00
3.746738910675048828e+00
3.740277767181396484e+00
3.738878011703491211e+00
3.732892513275146484e+00
3.734617233276367188e+00
3.730416059494018555e+00
3.728373765945434570e+00
3.714379549026489258e+00
3.727710247039794922e+00
3.726058959960937500e+00
3.726284742355346680e+00
3.726667404174804688e+00
3.733051300048828125e+00
3.724632024765014648e+00
3.738526582717895508e+00
3.742098569869995117e+00
3.745970964431762695e+00
3.755553960800170898e+00
3.761820077896118164e+00
3.768565654754638672e+00
3.771630287170410156e+00
3.781573057174682617e+00
3.793190956115722656e+00
3.792335271835327148e+00
3.814018011093139648e+00
3.825016975402832031e+00
3.823785781860351562e+00
3.848330259323120117e+00
3.852494716644287109e+00
3.869747877120971680e+00
3.884637832641601562e+00
3.898938179016113281e+00
3.918400526046752930e+00
3.934532642364501953e+00
3.956107854843139648e+00
3.977330207824707031e+00
3.983587980270385742e+00
4.010049343109130859e+00
4.032922267913818359e+00
4.054106235504150391e+00
4.079134464263916016e+00
4.100147247314453125e+00
4.133099079132080078e+00
4.151686191558837891e+00
4.180156230926513672e+00
4.205986976623535156e+00
4.242431640625000000e+00
4.272171497344970703e+00
4.293354511260986328e+00
4.332852363586425781e+00
4.361886501312255859e+00
4.400773048400878906e+00
4.428524017333984375e+00
4.462745666503906250e+00
4.499435901641845703e+00
4.531287670135498047e+00
4.568464756011962891e+00
4.611552238464355469e+00
4.646348953247070312e+00
4.693167686462402344e+00
4.729651927947998047e+00
4.777764320373535156e+00
4.818175315856933594e+00
4.870274543762207031e+00
4.915669441223144531e+00
4.962057590484619141e+00
5.011528015136718750e+00
5.061579704284667969e+00
5.113277912139892578e+00
5.171190738677978516e+00
5.222267627716064453e+00
5.276547908782958984e+00
5.325445175170898438e+00
5.383780479431152344e+00
5.442235946655273438e+00
5.498345375061035156e+00
5.567273139953613281e+00
5.631539344787597656e+00
5.695482254028320312e+00
5.754001140594482422e+00
5.813554763793945312e+00
5.887827396392822266e+00
5.954082012176513672e+00
6.023697376251220703e+00
6.105469226837158203e+00
6.180666923522949219e+00
6.236397743225097656e+00
6.315506458282470703e+00
6.387438297271728516e+00
6.470033168792724609e+00
6.556987762451171875e+00
6.627383232116699219e+00
6.722188949584960938e+00
6.798961162567138672e+00
6.881450176239013672e+00
6.973557949066162109e+00
7.054027557373046875e+00
7.147776126861572266e+00
7.231293678283691406e+00
7.330482006072998047e+00
7.421871662139892578e+00
7.509920120239257812e+00
7.612507820129394531e+00
7.708097934722900391e+00
7.811017990112304688e+00
7.911875724792480469e+00
8.023681640625000000e+00
8.130077362060546875e+00
8.230441093444824219e+00
8.339537620544433594e+00
8.455467224121093750e+00
8.554190635681152344e+00
8.679350852966308594e+00
8.795068740844726562e+00
8.907550811767578125e+00
9.040397644042968750e+00
9.157749176025390625e+00
9.281600952148437500e+00
9.403782844543457031e+00
9.516891479492187500e+00
9.654449462890625000e+00
9.790990829467773438e+00
9.930414199829101562e+00
1.004554176330566406e+01
1.019269943237304688e+01
1.033073043823242188e+01
1.046921730041503906e+01
1.062324142456054688e+01
1.075708389282226562e+01
1.090544891357421875e+01
1.104570960998535156e+01
1.121753120422363281e+01
1.136316490173339844e+01
1.151530647277832031e+01
1.167808246612548828e+01
1.182919502258300781e+01
1.200838088989257812e+01
1.216934967041015625e+01
1.232861232757568359e+01
1.250676631927490234e+01
1.267536163330078125e+01
1.284854888916015625e+01
1.302288055419921875e+01
1.320156002044677734e+01
1.337064170837402344e+01
1.355068969726562500e+01
1.375221443176269531e+01
1.392565536499023438e+01
1.411987876892089844e+01
1.431242752075195312e+01
1.451644515991210938e+01
1.471921348571777344e+01
1.490309906005859375e+01
1.512423706054687500e+01
1.532756996154785156e+01
1.551379489898681641e+01
1.574309921264648438e+01
1.595734405517578125e+01
1.617643165588378906e+01
1.638467407226562500e+01
1.660451507568359375e+01
1.684737014770507812e+01
1.707720184326171875e+01
1.729636383056640625e+01
1.754104232788085938e+01
1.777419662475585938e+01
1.800688743591308594e+01
1.825747680664062500e+01
1.850623703002929688e+01
1.875444793701171875e+01
1.900682258605957031e+01
1.926573562622070312e+01
1.952992630004882812e+01
1.978129577636718750e+01
2.004922866821289062e+01
2.032054901123046875e+01
2.058605194091796875e+01
2.085231208801269531e+01
2.114064598083496094e+01
2.142072868347167969e+01
2.169860458374023438e+01
2.198427581787109375e+01
2.228679275512695312e+01
2.257688903808593750e+01
2.287770843505859375e+01
2.317250251770019531e+01
2.345850753784179688e+01
2.379299545288085938e+01
2.407709884643554688e+01
2.439466857910156250e+01
2.473342132568359375e+01
2.505897712707519531e+01
2.536756896972656250e+01
2.571703720092773438e+01
2.605115890502929688e+01
2.639382553100585938e+01
2.674240493774414062e+01
2.708869934082031250e+01
2.743611526489257812e+01
2.777371025085449219e+01
2.813537025451660156e+01
2.851845169067382812e+01
2.883771896362304688e+01
2.923951911926269531e+01
2.961140823364257812e+01
2.996274948120117188e+01
3.035501098632812500e+01
3.076020240783691406e+01
3.115055465698242188e+01
3.150667190551757812e+01
3.191257667541503906e+01
3.236027526855468750e+01
3.276721954345703125e+01
3.317955780029296875e+01
3.359595870971679688e+01
3.402767944335937500e+01
3.446207427978515625e+01
3.489818191528320312e+01
3.533716964721679688e+01
3.578242492675781250e+01
3.623205566406250000e+01
3.668502044677734375e+01
3.713267517089843750e+01
3.760330581665039062e+01
3.806736755371093750e+01
3.856127548217773438e+01
3.904426956176757812e+01
3.952927398681640625e+01
3.998569488525390625e+01
4.051253509521484375e+01
4.099940490722656250e+01
4.151184082031250000e+01
4.202957153320312500e+01
4.254922103881835938e+01
4.307497024536132812e+01
4.360012435913085938e+01
4.413862609863281250e+01
4.467874526977539062e+01
4.516811370849609375e+01
4.575481414794921875e+01
4.632403945922851562e+01
4.683016586303710938e+01
4.745892715454101562e+01
4.798301315307617188e+01
4.856071090698242188e+01
4.917003631591796875e+01
4.977024841308593750e+01
5.036469650268554688e+01
5.099884796142578125e+01
5.159735870361328125e+01
5.215201187133789062e+01
5.276928710937500000e+01
5.348575973510742188e+01
5.407324218750000000e+01
5.475214385986328125e+01
5.535879516601562500e+01
5.606065368652343750e+01
5.671591949462890625e+01
5.737235641479492188e+01
5.807686996459960938e+01
5.877290344238281250e+01
5.946945190429687500e+01
6.018452453613281250e+01
6.090280532836914062e+01
6.160536956787109375e+01
6.231654357910156250e+01
6.305349349975585938e+01
6.378400039672851562e+01
6.453974151611328125e+01
6.529209136962890625e+01
6.605803680419921875e+01
6.682594299316406250e+01
6.760182952880859375e+01
6.839085388183593750e+01
6.917867279052734375e+01
