5.284195423126220703e+00
5.273586273193359375e+00
5.255930423736572266e+00
5.281745910644531250e+00
5.250930786132812500e+00
5.266391277313232422e+00
5.288471698760986328e+00
5.247476100921630859e+00
5.238411903381347656e+00
5.229380607604980469e+00
5.236473560333251953e+00
5.240554809570312500e+00
5.240165233612060547e+00
5.204409122467041016e+00
5.224132061004638672e+00
5.219019412994384766e+00
5.205749988555908203e+00
5.187076568603515625e+00
5.194862365722656250e+00
5.214680671691894531e+00
5.172968387603759766e+00
5.184268951416015625e+00
5.192073822021484375e+00
5.187263965606689453e+00
5.168822288513183594e+00
5.187643527984619141e+00
5.190270900726318359e+00
5.160201549530029297e+00
5.137915134429931641e+00
5.133167266845703125e+00
5.154044628143310547e+00
5.153609752655029297e+00
5.134721279144287109e+00
5.136699199676513672e+00
5.132518291473388672e+00
5.124625205993652344e+00
5.112522602081298828e+00
5.119643688201904297e+00
5.106122016906738281e+00
5.114914894104003906e+00
5.077995300292968750e+00
5.094758033752441406e+00
5.115904331207275391e+00
5.089275836944580078e+00
5.071872711181640625e+00
5.047268390655517578e+00
5.059574127197265625e+00
5.050118446350097656e+00
5.049670219421386719e+00
5.043863773345947266e+00
5.013327121734619141e+00
5.029922962188720703e+00
4.995445728302001953e+00
4.999736785888671875e+00
4.998395442962646484e+00
4.990595817565917969e+00
4.983708858489990234e+00
4.982419013977050781e+00
4.973564147949218750e+00
4.986677646636962891e+00
4.958371162414550781e+00
4.970050334930419922e+00
4.952227115631103516e+00
4.977210998535156250e+00
4.915553569793701172e+00
4.929605960845947266e+00
4.914777278900146484e+00
4.916650772094726562e+00
4.901232242584228516e+00
4.893028736114501953e+00
4.916421413421630859e+00
4.876273155212402344e+00
4.896530628204345703e+00
4.875704288482666016e+00
4.862568855285644531e+00
4.831396579742431641e+00
4.835509300231933594e+00
4.819318771362304688e+00
4.831752777099609375e+00
4.812950134277343750e+00
4.819536209106445312e+00
4.784872055053710938e+00
4.798167705535888672e+00
4.764947414398193359e+00
4.758493423461914062e+00
4.744626522064208984e+00
4.732784271240234375e+00
4.741394042968750000e+00
4.753244400024414062e+00
4.703425407409667969e+00
4.705231666564941406e+00
4.688549995422363281e+00
4.677032470703125000e+00
4.677149295806884766e+00
4.662729263305664062e+00
4.682901859283447266e+00
4.631957530975341797e+00
4.638358592987060547e+00
4.636622905731201172e+00
4.611107826232910156e+00
4.592231273651123047e+00
4.603339672088623047e+00
4.589670658111572266e+00
4.568959236145019531e+00
4.568526268005371094e+00
4.542907238006591797e+00
4.526678562164306641e+00
4.501566886901855469e+00
4.494014739990234375e+00
4.481775760650634766e+00
4.499773502349853516e+00
4.460383892059326172e+00
4.442032337188720703e+00
4.443217277526855469e+00
4.437115192413330078e+00
4.413884639739990234e+00
4.383670330047607422e+00
4.367944240570068359e+00
4.368217945098876953e+00
4.348293304443359375e+00
4.341647148132324219e+00
4.346128940582275391e+00
4.302964687347412109e+00
4.286962985992431641e+00
4.386793613433837891e+00
4.261190891265869141e+00
4.280530929565429688e+00
4.234296798706054688e+00
4.240305423736572266e+00
4.216270923614501953e+00
4.173989295959472656e+00
4.194251537322998047e+00
4.142698287963867188e+00
4.146197795867919922e+00
4.149550437927246094e+00
4.098536491394042969e+00
4.085258007049560547e+00
4.046189785003662109e+00
4.035982131958007812e+00
4.027968406677246094e+00
3.987170457839965820e+00
3.992869853973388672e+00
3.956870079040527344e+00
3.952370166778564453e+00
3.919646739959716797e+00
3.906624078750610352e+00
3.886639356613159180e+00
3.873037338256835938e+00
3.853839397430419922e+00
3.831461429595947266e+00
3.840387105941772461e+00
3.809112310409545898e+00
3.803416967391967773e+00
3.788735628128051758e+00
3.780899763107299805e+00
3.768964767456054688e+00
3.759355068206787109e+00
3.757455348968505859e+00
3.745076656341552734e+00
3.740888595581054688e+00
3.739640474319458008e+00
3.733054637908935547e+00
3.737828493118286133e+00
3.731196403503417969e+00
3.731652736663818359e+00
3.724194526672363281e+00
3.730173110961914062e+00
3.730932950973510742e+00
3.736812353134155273e+00
3.738482236862182617e+00
3.745881319046020508e+00
3.754675388336181641e+00
3.753752470016479492e+00
3.772269725799560547e+00
3.766375064849853516e+00
3.783485174179077148e+00
3.797096252441406250e+00
3.802765130996704102e+00
3.825834989547729492e+00
3.840513229370117188e+00
3.844599008560180664e+00
3.858719587326049805e+00
3.880220174789428711e+00
3.892493486404418945e+00
3.917069911956787109e+00
3.940013170242309570e+00
3.960504531860351562e+00
3.939246892929077148e+00
3.981968164443969727e+00
4.016103744506835938e+00
4.047492027282714844e+00
4.064298629760742188e+00
4.102799415588378906e+00
4.094099998474121094e+00
4.138317108154296875e+00
4.163327693939208984e+00
4.195796966552734375e+00
4.207404136657714844e+00
4.234627246856689453e+00
4.272835731506347656e+00
4.315100669860839844e+00
4.324325561523437500e+00
4.364557266235351562e+00
4.384529590606689453e+00
4.422035694122314453e+00
4.456968784332275391e+00
4.502179622650146484e+00
4.541116237640380859e+00
4.587299823760986328e+00
4.632738113403320312e+00
4.640446662902832031e+00
4.671611309051513672e+00
4.729140758514404297e+00
4.752677917480468750e+00
4.796075820922851562e+00
4.836587429046630859e+00
4.878816127777099609e+00
4.907329559326171875e+00
4.962787151336669922e+00
5.013520240783691406e+00
5.058102130889892578e+00
5.111560344696044922e+00
5.130624771118164062e+00
5.198568344116210938e+00
5.210417747497558594e+00
5.279982566833496094e+00
5.311840057373046875e+00
5.372849464416503906e+00
5.397953033447265625e+00
5.483380317687988281e+00
5.487538337707519531e+00
5.533879280090332031e+00
5.629544258117675781e+00
5.640842437744140625e+00
5.670166969299316406e+00
5.748644351959228516e+00
5.781913280487060547e+00
5.834784984588623047e+00
5.882538318634033203e+00
5.914443492889404297e+00
5.971808433532714844e+00
6.012806892395019531e+00
6.090328693389892578e+00
6.141548633575439453e+00
6.153695106506347656e+00
6.198288917541503906e+00
6.121586799621582031e+00
6.261889934539794922e+00
6.317750453948974609e+00
6.353332996368408203e+00
6.478108882904052734e+00
6.410331249237060547e+00
6.447953224182128906e+00
6.494574546813964844e+00
6.485480308532714844e+00
6.629040718078613281e+00
6.597294807434082031e+00
6.634038448333740234e+00
6.692899703979492188e+00
6.690075397491455078e+00
6.715821266174316406e+00
6.791581630706787109e+00
6.807444572448730469e+00
6.811801433563232422e+00
6.889657497406005859e+00
6.913498401641845703e+00
6.997823238372802734e+00
6.927693843841552734e+00
7.015965461730957031e+00
7.030867576599121094e+00
7.040003776550292969e+00
7.067523479461669922e+00
7.120164394378662109e+00
7.192257881164550781e+00
7.176575183868408203e+00
7.170181274414062500e+00
7.737712383270263672e+00
7.224872589111328125e+00
7.297971248626708984e+00
7.254013538360595703e+00
7.289539813995361328e+00
7.748137950897216797e+00
7.349593162536621094e+00
7.392056465148925781e+00
7.318909645080566406e+00
7.371443748474121094e+00
7.432906150817871094e+00
7.531777381896972656e+00
7.742029666900634766e+00
7.743220329284667969e+00
7.468661308288574219e+00
7.462718486785888672e+00
7.491058349609375000e+00
7.521946430206298828e+00
7.606600284576416016e+00
7.710500717163085938e+00
7.568544864654541016e+00
7.725125789642333984e+00
7.582489490509033203e+00
7.643683433532714844e+00
