3.913928747177124023e+00
3.905031204223632812e+00
3.891565799713134766e+00
3.883866310119628906e+00
3.869887590408325195e+00
3.861071109771728516e+00
3.850862503051757812e+00
3.831321477890014648e+00
3.832648038864135742e+00
3.820993661880493164e+00
3.815490007400512695e+00
3.798274755477905273e+00
3.789685726165771484e+00
3.782464504241943359e+00
3.774621725082397461e+00
3.769289255142211914e+00
3.763985633850097656e+00
3.760930776596069336e+00
3.758704185485839844e+00
3.748697757720947266e+00
3.743187189102172852e+00
3.740206480026245117e+00
3.736292839050292969e+00
3.731959581375122070e+00
3.726914405822753906e+00
3.725999832153320312e+00
3.722946882247924805e+00
3.720729351043701172e+00
3.721747875213623047e+00
3.721546888351440430e+00
3.721600770950317383e+00
3.721661806106567383e+00
3.720349550247192383e+00
3.722401142120361328e+00
3.722533702850341797e+00
3.732580900192260742e+00
3.735903024673461914e+00
3.732919454574584961e+00
3.742202997207641602e+00
3.747836828231811523e+00
3.746542692184448242e+00
3.754245996475219727e+00
3.764533281326293945e+00
3.765205621719360352e+00
3.775244951248168945e+00
3.783811569213867188e+00
3.790208101272583008e+00
3.795991182327270508e+00
3.802044868469238281e+00
3.814273595809936523e+00
3.822979211807250977e+00
3.834655523300170898e+00
3.845311164855957031e+00
3.860266923904418945e+00
3.873041391372680664e+00
3.886018037796020508e+00
3.901255846023559570e+00
3.913043737411499023e+00
3.922129631042480469e+00
3.941613912582397461e+00
3.961228370666503906e+00
3.968262434005737305e+00
3.985208034515380859e+00
4.004957199096679688e+00
4.022382259368896484e+00
4.043531417846679688e+00
4.065632343292236328e+00
4.084137439727783203e+00
4.106796741485595703e+00
4.130078315734863281e+00
4.151837348937988281e+00
4.171854019165039062e+00
4.198012351989746094e+00
4.220949649810791016e+00
4.245827198028564453e+00
4.273781299591064453e+00
4.300593376159667969e+00
4.328129768371582031e+00
4.356343269348144531e+00
4.386672973632812500e+00
4.423121452331542969e+00
4.448714733123779297e+00
4.479758739471435547e+00
4.515857219696044922e+00
4.545583724975585938e+00
4.583023548126220703e+00
4.616272926330566406e+00
4.651713371276855469e+00
4.692774295806884766e+00
4.728344440460205078e+00
4.764091968536376953e+00
4.802736282348632812e+00
4.845190048217773438e+00
4.890546321868896484e+00
4.930795192718505859e+00
4.975767612457275391e+00
5.017048835754394531e+00
5.062014579772949219e+00
5.105522155761718750e+00
5.155367851257324219e+00
5.195108890533447266e+00
5.248443126678466797e+00
5.293744087219238281e+00
5.345959186553955078e+00
5.397671222686767578e+00
5.451846599578857422e+00
5.504181861877441406e+00
5.560804367065429688e+00
5.615540027618408203e+00
5.672777652740478516e+00
5.729077816009521484e+00
5.789663791656494141e+00
5.846485614776611328e+00
5.909521579742431641e+00
5.966483592987060547e+00
6.034182071685791016e+00
6.095469951629638672e+00
6.162556171417236328e+00
6.231394767761230469e+00
6.294070720672607422e+00
6.365634918212890625e+00
6.437381744384765625e+00
6.506122112274169922e+00
6.578635692596435547e+00
6.651402950286865234e+00
6.728729248046875000e+00
6.804210662841796875e+00
6.884557247161865234e+00
6.967451572418212891e+00
7.040925502777099609e+00
7.116065025329589844e+00
7.200865745544433594e+00
7.287989616394042969e+00
7.368667602539062500e+00
7.454898357391357422e+00
7.540727138519287109e+00
7.628121852874755859e+00
7.716629981994628906e+00
7.807285308837890625e+00
7.905634403228759766e+00
7.999958992004394531e+00
8.095932006835937500e+00
8.191695213317871094e+00
8.288537979125976562e+00
8.389590263366699219e+00
8.490811347961425781e+00
8.598292350769042969e+00
8.699159622192382812e+00
8.802360534667968750e+00
8.915143966674804688e+00
9.024255752563476562e+00
9.136903762817382812e+00
9.250284194946289062e+00
9.360898017883300781e+00
9.478509902954101562e+00
9.595305442810058594e+00
9.713722229003906250e+00
9.830379486083984375e+00
9.953100204467773438e+00
1.007404518127441406e+01
1.019873237609863281e+01
1.032969284057617188e+01
1.045606231689453125e+01
1.058778190612792969e+01
1.072115612030029297e+01
1.086449337005615234e+01
1.100833129882812500e+01
1.114339351654052734e+01
1.128879165649414062e+01
1.142703819274902344e+01
1.156760978698730469e+01
1.171836185455322266e+01
1.185958671569824219e+01
1.201265907287597656e+01
1.216727542877197266e+01
1.232447052001953125e+01
1.247443389892578125e+01
1.263318443298339844e+01
1.279279613494873047e+01
1.295182991027832031e+01
1.311527252197265625e+01
1.328424644470214844e+01
1.344789409637451172e+01
1.362093067169189453e+01
1.379233646392822266e+01
1.397212791442871094e+01
1.414531707763671875e+01
1.431866550445556641e+01
1.450675773620605469e+01
1.467694568634033203e+01
1.486251258850097656e+01
1.505752277374267578e+01
1.524669075012207031e+01
1.543882656097412109e+01
1.563031101226806641e+01
1.582851791381835938e+01
1.602523231506347656e+01
1.623710060119628906e+01
1.643567848205566406e+01
1.664275932312011719e+01
1.685777473449707031e+01
1.706425476074218750e+01
1.727919960021972656e+01
1.749242591857910156e+01
1.771272659301757812e+01
1.793789291381835938e+01
1.816680717468261719e+01
1.839362525939941406e+01
1.862212181091308594e+01
1.885655975341796875e+01
1.908472442626953125e+01
1.932794761657714844e+01
1.956598281860351562e+01
1.981250572204589844e+01
2.006198120117187500e+01
2.031001472473144531e+01
2.057473182678222656e+01
2.082310485839843750e+01
2.108302497863769531e+01
2.136947059631347656e+01
2.160991477966308594e+01
2.188854217529296875e+01
2.216430282592773438e+01
2.243975067138671875e+01
2.271628952026367188e+01
2.300959205627441406e+01
2.330170631408691406e+01
2.356763839721679688e+01
2.384435844421386719e+01
2.412990188598632812e+01
2.443602561950683594e+01
2.474740409851074219e+01
2.505308151245117188e+01
2.535909271240234375e+01
2.565664863586425781e+01
2.597449302673339844e+01
2.633319854736328125e+01
2.663326644897460938e+01
2.695670700073242188e+01
2.729090690612792969e+01
2.762118339538574219e+01
2.795882225036621094e+01
2.829907989501953125e+01
2.864307975769042969e+01
2.898684692382812500e+01
2.933891868591308594e+01
2.969534492492675781e+01
3.005979347229003906e+01
3.041848754882812500e+01
3.079088973999023438e+01
3.115087699890136719e+01
3.152544403076171875e+01
3.190368461608886719e+01
3.228776550292968750e+01
3.267653656005859375e+01
3.306121826171875000e+01
3.346381759643554688e+01
3.385916900634765625e+01
3.426794052124023438e+01
3.469406890869140625e+01
3.509312057495117188e+01
3.551233291625976562e+01
3.593655014038085938e+01
3.636323165893554688e+01
3.677774047851562500e+01
3.724359130859375000e+01
3.765374755859375000e+01
3.811957550048828125e+01
3.854766845703125000e+01
3.902945327758789062e+01
3.946351623535156250e+01
3.992100906372070312e+01
4.039198303222656250e+01
4.086972808837890625e+01
4.133833312988281250e+01
4.182793807983398438e+01
4.232284927368164062e+01
4.283240509033203125e+01
4.333492279052734375e+01
4.382247161865234375e+01
4.433933639526367188e+01
4.485940933227539062e+01
4.541356658935546875e+01
4.595913314819335938e+01
4.645575332641601562e+01
4.696947860717773438e+01
4.753838348388671875e+01
4.805312728881835938e+01
4.865853881835937500e+01
4.915025711059570312e+01
4.983086013793945312e+01
5.029106903076171875e+01
5.095747756958007812e+01
5.144928741455078125e+01
5.203206634521484375e+01
5.268195724487304688e+01
5.331124114990234375e+01
5.384092330932617188e+01
5.450599288940429688e+01
5.513785171508789062e+01
