1.935474991798400879e+00
1.902598261833190918e+00
1.846431851387023926e+00
1.746866106986999512e+00
1.585825920104980469e+00
1.429397225379943848e+00
1.296845555305480957e+00
1.163017392158508301e+00
1.071441888809204102e+00
9.946226477622985840e-01
9.619440436363220215e-01
9.495108723640441895e-01
9.412454962730407715e-01
9.309954643249511719e-01
9.324092864990234375e-01
9.334761500358581543e-01
9.399800300598144531e-01
9.387336373329162598e-01
9.423992633819580078e-01
9.427552223205566406e-01
9.469512701034545898e-01
9.484794735908508301e-01
9.519201517105102539e-01
9.566117525100708008e-01
9.584400653839111328e-01
9.634228944778442383e-01
9.657608866691589355e-01
9.670462012290954590e-01
9.688314795494079590e-01
9.714995622634887695e-01
9.749878048896789551e-01
9.765120148658752441e-01
9.790382385253906250e-01
9.830125570297241211e-01
9.840790033340454102e-01
9.871283173561096191e-01
9.885292649269104004e-01
9.912042021751403809e-01
9.933491945266723633e-01
9.949719309806823730e-01
9.970307946205139160e-01
9.991859197616577148e-01
1.001188993453979492e+00
1.002619147300720215e+00
1.004486203193664551e+00
1.006649494171142578e+00
1.008249282836914062e+00
1.010074973106384277e+00
1.011474370956420898e+00
1.013170123100280762e+00
1.013620018959045410e+00
1.015010476112365723e+00
1.016695380210876465e+00
1.018134951591491699e+00
1.018966794013977051e+00
1.020025014877319336e+00
1.021220326423645020e+00
1.022757411003112793e+00
1.023394107818603516e+00
1.024607658386230469e+00
1.026361227035522461e+00
1.026343464851379395e+00
1.027006149291992188e+00
1.027638435363769531e+00
1.029948472976684570e+00
1.029877066612243652e+00
1.029692173004150391e+00
1.031020641326904297e+00
1.031479001045227051e+00
1.031707048416137695e+00
1.032886147499084473e+00
1.032990336418151855e+00
1.034263730049133301e+00
1.034139037132263184e+00
1.034266948699951172e+00
1.034753441810607910e+00
1.035165429115295410e+00
1.035610198974609375e+00
1.036042213439941406e+00
1.036992549896240234e+00
1.037403583526611328e+00
1.037041902542114258e+00
1.039853811264038086e+00
1.039367556571960449e+00
1.037345170974731445e+00
1.037933468818664551e+00
1.038586139678955078e+00
1.038221955299377441e+00
1.038421988487243652e+00
1.038509964942932129e+00
1.038566827774047852e+00
1.038998603820800781e+00
1.039602160453796387e+00
1.039678454399108887e+00
1.040052771568298340e+00
1.040177345275878906e+00
1.039652705192565918e+00
1.039810061454772949e+00
1.040297150611877441e+00
1.040452718734741211e+00
1.040346741676330566e+00
1.040606498718261719e+00
1.040877461433410645e+00
1.041389465332031250e+00
1.040702819824218750e+00
1.041104555130004883e+00
1.041127443313598633e+00
1.041336417198181152e+00
1.041015863418579102e+00
1.040862202644348145e+00
1.040964961051940918e+00
1.041285514831542969e+00
1.041274547576904297e+00
1.041560411453247070e+00
1.041563868522644043e+00
1.041262269020080566e+00
1.042884349822998047e+00
1.040982604026794434e+00
1.043822050094604492e+00
1.042364001274108887e+00
1.041903257369995117e+00
1.041926145553588867e+00
1.042071461677551270e+00
1.042107105255126953e+00
1.041830539703369141e+00
1.041590809822082520e+00
1.041967749595642090e+00
1.041893482208251953e+00
1.042275786399841309e+00
1.042128443717956543e+00
1.042468667030334473e+00
1.043733835220336914e+00
1.042905569076538086e+00
1.042964577674865723e+00
1.043141603469848633e+00
1.043092012405395508e+00
1.042725563049316406e+00
1.043791890144348145e+00
1.044319510459899902e+00
1.043781518936157227e+00
1.044357061386108398e+00
1.043843746185302734e+00
1.044558882713317871e+00
1.043815135955810547e+00
1.043943285942077637e+00
1.044466972351074219e+00
1.044702410697937012e+00
1.045680999755859375e+00
1.045578122138977051e+00
1.045104265213012695e+00
1.047406196594238281e+00
1.045847177505493164e+00
1.045906662940979004e+00
1.046086192131042480e+00
1.046702980995178223e+00
1.046764850616455078e+00
1.047188639640808105e+00
1.047091245651245117e+00
1.047645688056945801e+00
1.047485113143920898e+00
1.048252463340759277e+00
1.048079729080200195e+00
1.049362897872924805e+00
1.049452066421508789e+00
1.048750877380371094e+00
1.049459099769592285e+00
1.051293253898620605e+00
1.049844145774841309e+00
1.050275921821594238e+00
1.051344752311706543e+00
1.051043033599853516e+00
1.050921440124511719e+00
1.051534175872802734e+00
1.052720069885253906e+00
1.052056550979614258e+00
1.052941799163818359e+00
1.054246187210083008e+00
1.053035497665405273e+00
1.056380510330200195e+00
1.053859353065490723e+00
1.055554389953613281e+00
1.054417014122009277e+00
1.055745363235473633e+00
1.056444168090820312e+00
1.055263876914978027e+00
1.055909276008605957e+00
1.057223558425903320e+00
1.055977702140808105e+00
1.057705998420715332e+00
1.057954907417297363e+00
1.057611584663391113e+00
1.058140516281127930e+00
1.060896635055541992e+00
1.058940291404724121e+00
1.059300422668457031e+00
1.059894919395446777e+00
1.060894012451171875e+00
1.060174226760864258e+00
1.060781478881835938e+00
1.063848018646240234e+00
1.061554193496704102e+00
1.061647057533264160e+00
1.063017606735229492e+00
1.066128849983215332e+00
1.062939524650573730e+00
1.064147830009460449e+00
1.063403129577636719e+00
1.063964009284973145e+00
1.065248727798461914e+00
1.064710736274719238e+00
1.065447688102722168e+00
1.066216468811035156e+00
1.066120386123657227e+00
1.066247344017028809e+00
1.066839694976806641e+00
1.066820859909057617e+00
1.067169666290283203e+00
1.067793250083923340e+00
1.069509148597717285e+00
1.068525910377502441e+00
1.069833517074584961e+00
1.069208025932312012e+00
1.070212244987487793e+00
1.071216940879821777e+00
1.070341467857360840e+00
1.071411132812500000e+00
1.073599815368652344e+00
1.073613405227661133e+00
1.072102546691894531e+00
1.074092626571655273e+00
1.073392629623413086e+00
1.075282216072082520e+00
1.074326515197753906e+00
1.075068950653076172e+00
1.075088024139404297e+00
1.075209498405456543e+00
1.075975894927978516e+00
1.077659249305725098e+00
1.076709628105163574e+00
1.077009797096252441e+00
1.077808380126953125e+00
1.081537127494812012e+00
1.079279661178588867e+00
1.081613183021545410e+00
1.079713940620422363e+00
1.079882621765136719e+00
1.081213712692260742e+00
1.080659270286560059e+00
1.083285689353942871e+00
1.080932021141052246e+00
1.081597328186035156e+00
1.083441495895385742e+00
1.082094788551330566e+00
1.082740068435668945e+00
1.083221673965454102e+00
1.086314678192138672e+00
1.084080696105957031e+00
1.084434628486633301e+00
1.084819316864013672e+00
1.085756897926330566e+00
1.085472226142883301e+00
1.089117050170898438e+00
1.086669445037841797e+00
1.089010477066040039e+00
1.088698983192443848e+00
1.088785886764526367e+00
1.088650226593017578e+00
1.088958859443664551e+00
1.088968396186828613e+00
1.092589259147644043e+00
1.089768648147583008e+00
1.089991927146911621e+00
1.090361475944519043e+00
1.090899705886840820e+00
1.092156887054443359e+00
1.092144966125488281e+00
1.092986822128295898e+00
1.094408392906188965e+00
1.093050479888916016e+00
1.093140006065368652e+00
1.093914270401000977e+00
1.096243739128112793e+00
1.094046711921691895e+00
1.094946384429931641e+00
1.096533894538879395e+00
1.096723318099975586e+00
1.095967888832092285e+00
1.096333742141723633e+00
1.096828460693359375e+00
1.098131656646728516e+00
1.097883105278015137e+00
1.097625732421875000e+00
1.098079919815063477e+00
1.099624872207641602e+00
1.098523259162902832e+00
1.099356889724731445e+00
1.099650382995605469e+00
1.100066781044006348e+00
1.103561282157897949e+00
1.100550293922424316e+00
