4.244639396667480469e+00
4.221949577331542969e+00
4.196609020233154297e+00
4.177023410797119141e+00
4.153224468231201172e+00
4.135362625122070312e+00
4.109020233154296875e+00
4.090305805206298828e+00
4.069705486297607422e+00
4.050334453582763672e+00
4.031828403472900391e+00
4.013503551483154297e+00
3.995729923248291016e+00
3.973655462265014648e+00
3.960038661956787109e+00
3.946073532104492188e+00
3.926724672317504883e+00
3.908145904541015625e+00
3.897762060165405273e+00
3.882586002349853516e+00
3.868844985961914062e+00
3.854983329772949219e+00
3.842958211898803711e+00
3.837247371673583984e+00
3.816871643066406250e+00
3.806344985961914062e+00
3.805483818054199219e+00
3.789857149124145508e+00
3.778893947601318359e+00
3.769057989120483398e+00
3.761120796203613281e+00
3.754320383071899414e+00
3.748508930206298828e+00
3.742180347442626953e+00
3.736799001693725586e+00
3.732683181762695312e+00
3.728538751602172852e+00
3.725692510604858398e+00
3.722744464874267578e+00
3.720183610916137695e+00
3.719634294509887695e+00
3.718659639358520508e+00
3.718691825866699219e+00
3.719037055969238281e+00
3.721595764160156250e+00
3.726321697235107422e+00
3.727265119552612305e+00
3.730373144149780273e+00
3.743083715438842773e+00
3.748229503631591797e+00
3.756240367889404297e+00
3.764102935791015625e+00
3.767714500427246094e+00
3.776023626327514648e+00
3.785813808441162109e+00
3.797912120819091797e+00
3.810263633728027344e+00
3.822028636932373047e+00
3.833219528198242188e+00
3.847028017044067383e+00
3.864960908889770508e+00
3.879056453704833984e+00
3.897055864334106445e+00
3.912032842636108398e+00
3.929566621780395508e+00
3.949172496795654297e+00
3.966381788253784180e+00
3.981872558593750000e+00
4.010194301605224609e+00
4.030156135559082031e+00
4.057696819305419922e+00
4.074997425079345703e+00
4.105510711669921875e+00
4.131749629974365234e+00
4.164875030517578125e+00
4.188030719757080078e+00
4.210975646972656250e+00
4.255424499511718750e+00
4.284313201904296875e+00
4.313388347625732422e+00
4.349916458129882812e+00
4.380278110504150391e+00
4.422265529632568359e+00
4.457847595214843750e+00
4.496396541595458984e+00
4.531133651733398438e+00
4.575393676757812500e+00
4.616481304168701172e+00
4.659602642059326172e+00
4.704410076141357422e+00
4.746609687805175781e+00
4.793019294738769531e+00
4.840198040008544922e+00
4.889608383178710938e+00
4.940257549285888672e+00
4.991253376007080078e+00
5.044435977935791016e+00
5.098351478576660156e+00
5.153908729553222656e+00
5.210474967956542969e+00
5.268065929412841797e+00
5.333343029022216797e+00
5.388810157775878906e+00
5.451093673706054688e+00
5.514152526855468750e+00
5.579766750335693359e+00
5.645515918731689453e+00
5.713587284088134766e+00
5.782458305358886719e+00
5.852475643157958984e+00
5.924773216247558594e+00
5.998224735260009766e+00
6.073674201965332031e+00
6.150406837463378906e+00
6.226753711700439453e+00
6.303678512573242188e+00
6.389335632324218750e+00
6.469599246978759766e+00
6.556523799896240234e+00
6.638248443603515625e+00
6.727985858917236328e+00
6.814553260803222656e+00
6.905489444732666016e+00
6.993172168731689453e+00
7.088833808898925781e+00
7.185569763183593750e+00
7.279351711273193359e+00
7.382543563842773438e+00
7.484121322631835938e+00
7.582561969757080078e+00
7.689267158508300781e+00
7.793122291564941406e+00
7.900982379913330078e+00
8.013577461242675781e+00
8.126888275146484375e+00
8.235337257385253906e+00
8.352178573608398438e+00
8.471560478210449219e+00
8.589397430419921875e+00
8.704524993896484375e+00
8.835684776306152344e+00
8.954524040222167969e+00
9.084457397460937500e+00
9.213631629943847656e+00
9.348272323608398438e+00
9.479036331176757812e+00
9.604277610778808594e+00
9.749071121215820312e+00
9.889069557189941406e+00
1.002443313598632812e+01
1.017939758300781250e+01
1.032182502746582031e+01
1.047088241577148438e+01
1.062054824829101562e+01
1.077263069152832031e+01
1.092612552642822266e+01
1.108524227142333984e+01
1.124289608001708984e+01
1.140803337097167969e+01
1.157066726684570312e+01
1.173425388336181641e+01
1.190470886230468750e+01
1.207092857360839844e+01
1.224709701538085938e+01
1.243096733093261719e+01
1.260303306579589844e+01
1.278349304199218750e+01
1.296608161926269531e+01
1.315847015380859375e+01
1.335256195068359375e+01
1.354036140441894531e+01
1.373403072357177734e+01
1.392882919311523438e+01
1.412707328796386719e+01
1.432883930206298828e+01
1.453652763366699219e+01
1.474537944793701172e+01
1.495713233947753906e+01
1.517833518981933594e+01
1.539747333526611328e+01
1.561264514923095703e+01
1.583500576019287109e+01
1.605810928344726562e+01
1.628549003601074219e+01
1.651644134521484375e+01
1.675186538696289062e+01
1.698675537109375000e+01
1.723109436035156250e+01
1.747163581848144531e+01
1.771892547607421875e+01
1.796781921386718750e+01
1.822540664672851562e+01
1.847900772094726562e+01
1.873970222473144531e+01
1.900504875183105469e+01
1.927367782592773438e+01
1.954281616210937500e+01
1.981173515319824219e+01
2.009271240234375000e+01
2.039367866516113281e+01
2.065773773193359375e+01
2.094144821166992188e+01
2.123423194885253906e+01
2.152510643005371094e+01
2.183700942993164062e+01
2.213092994689941406e+01
2.243493270874023438e+01
2.274483680725097656e+01
2.305458068847656250e+01
2.337414169311523438e+01
2.370168113708496094e+01
2.405275154113769531e+01
2.437447357177734375e+01
2.469231605529785156e+01
2.501959419250488281e+01
2.536089897155761719e+01
2.570568275451660156e+01
2.605826568603515625e+01
2.642074012756347656e+01
2.677846908569335938e+01
2.714893341064453125e+01
2.752949523925781250e+01
2.789921569824218750e+01
2.824766921997070312e+01
2.864361381530761719e+01
2.900790023803710938e+01
2.939929771423339844e+01
2.978494834899902344e+01
3.018443870544433594e+01
3.058501052856445312e+01
3.099144935607910156e+01
3.140184020996093750e+01
3.181715965270996094e+01
3.224265289306640625e+01
3.266204833984375000e+01
3.314289474487304688e+01
3.353178024291992188e+01
3.401653289794921875e+01
3.446600341796875000e+01
3.486842727661132812e+01
3.531141662597656250e+01
3.582817077636718750e+01
3.625442123413085938e+01
3.672174835205078125e+01
3.720644378662109375e+01
3.768400573730468750e+01
3.817438125610351562e+01
3.867062377929687500e+01
3.919316864013671875e+01
3.969607543945312500e+01
4.020600509643554688e+01
4.067992782592773438e+01
4.119792556762695312e+01
4.172409057617187500e+01
4.225703811645507812e+01
4.280577468872070312e+01
4.334220886230468750e+01
4.389046859741210938e+01
4.448797988891601562e+01
4.505570983886718750e+01
4.559798049926757812e+01
4.617137145996093750e+01
4.672153472900390625e+01
4.731497573852539062e+01
4.799194335937500000e+01
4.851277923583984375e+01
4.911531066894531250e+01
4.974800109863281250e+01
5.036843872070312500e+01
5.104623031616210938e+01
5.167980194091796875e+01
5.226975631713867188e+01
5.292199325561523438e+01
5.363434219360351562e+01
5.428168869018554688e+01
5.490558242797851562e+01
5.556427001953125000e+01
5.625765228271484375e+01
5.698917007446289062e+01
5.768141937255859375e+01
5.837520980834960938e+01
5.904266357421875000e+01
5.977216339111328125e+01
6.047884750366210938e+01
6.121743011474609375e+01
6.195846176147460938e+01
6.271265029907226562e+01
6.346179199218750000e+01
6.423489379882812500e+01
6.501232910156250000e+01
6.580765533447265625e+01
6.659386444091796875e+01
6.741541290283203125e+01
6.821482086181640625e+01
6.910591125488281250e+01
6.985988616943359375e+01
7.069774627685546875e+01
7.154268646240234375e+01
7.239332580566406250e+01
7.330995178222656250e+01
