7.741899967193603516e+00
7.511425018310546875e+00
7.346426963806152344e+00
7.174942493438720703e+00
6.994309902191162109e+00
6.823174476623535156e+00
6.627007961273193359e+00
6.500101089477539062e+00
6.314604759216308594e+00
6.093693733215332031e+00
5.966992855072021484e+00
5.854046344757080078e+00
5.742938995361328125e+00
5.616240501403808594e+00
5.458190441131591797e+00
5.344165802001953125e+00
5.228441238403320312e+00
5.113349914550781250e+00
5.051053524017333984e+00
4.865416526794433594e+00
4.838808536529541016e+00
4.733030319213867188e+00
4.597168922424316406e+00
4.510851383209228516e+00
4.427210807800292969e+00
4.353980064392089844e+00
4.278862953186035156e+00
4.216786384582519531e+00
4.161008834838867188e+00
3.925193786621093750e+00
4.003496646881103516e+00
3.964052915573120117e+00
3.947779655456542969e+00
3.897908687591552734e+00
3.855286598205566406e+00
3.837202310562133789e+00
3.810807466506958008e+00
3.786822795867919922e+00
3.782453536987304688e+00
3.759594917297363281e+00
3.742458343505859375e+00
3.735581159591674805e+00
3.729608297348022461e+00
3.730323076248168945e+00
3.722559213638305664e+00
3.728817701339721680e+00
3.734630823135375977e+00
3.739836454391479492e+00
3.738775491714477539e+00
3.746045351028442383e+00
3.756012916564941406e+00
3.760911226272583008e+00
3.772660255432128906e+00
3.796937704086303711e+00
3.804168701171875000e+00
3.815119028091430664e+00
3.974187135696411133e+00
3.827334403991699219e+00
3.870479106903076172e+00
4.048248291015625000e+00
3.928212404251098633e+00
3.902402162551879883e+00
4.267380237579345703e+00
3.943323135375976562e+00
3.971310138702392578e+00
4.015798568725585938e+00
3.998595237731933594e+00
4.037196636199951172e+00
4.060493469238281250e+00
4.079470157623291016e+00
4.120077133178710938e+00
4.162277221679687500e+00
4.215862274169921875e+00
4.964582920074462891e+00
4.229152679443359375e+00
4.294055938720703125e+00
4.302737236022949219e+00
4.331353664398193359e+00
4.366350650787353516e+00
4.429687500000000000e+00
4.469905853271484375e+00
4.508527278900146484e+00
4.536306381225585938e+00
4.587115287780761719e+00
4.621786594390869141e+00
4.675613403320312500e+00
4.786253452301025391e+00
4.783785343170166016e+00
4.859323024749755859e+00
4.907955169677734375e+00
4.977073192596435547e+00
4.982808113098144531e+00
5.012849807739257812e+00
5.067901134490966797e+00
5.129756450653076172e+00
5.203068256378173828e+00
5.265687465667724609e+00
5.326950073242187500e+00
5.401048183441162109e+00
5.478147506713867188e+00
5.485146522521972656e+00
5.581549167633056641e+00
5.610566616058349609e+00
5.700489521026611328e+00
5.740565299987792969e+00
5.820465564727783203e+00
5.942929267883300781e+00
5.944210052490234375e+00
6.031766414642333984e+00
6.117201328277587891e+00
6.178703784942626953e+00
6.253661632537841797e+00
6.327267169952392578e+00
6.420372962951660156e+00
6.513139724731445312e+00
6.576085567474365234e+00
6.670875072479248047e+00
6.755076408386230469e+00
6.842870712280273438e+00
6.907529354095458984e+00
7.016360759735107422e+00
7.077350139617919922e+00
7.170776367187500000e+00
7.232308387756347656e+00
7.317095756530761719e+00
7.461773872375488281e+00
7.544321537017822266e+00
7.599842071533203125e+00
7.718584060668945312e+00
7.806099891662597656e+00
7.919816970825195312e+00
7.986814975738525391e+00
8.090188980102539062e+00
8.184888839721679688e+00
8.294805526733398438e+00
8.390404701232910156e+00
8.473510742187500000e+00
8.580364227294921875e+00
8.704610824584960938e+00
8.798908233642578125e+00
8.909949302673339844e+00
9.019512176513671875e+00
9.130963325500488281e+00
9.247038841247558594e+00
9.350714683532714844e+00
9.459362983703613281e+00
9.580964088439941406e+00
9.696006774902343750e+00
9.821305274963378906e+00
9.933628082275390625e+00
1.004832744598388672e+01
1.017362213134765625e+01
1.029262828826904297e+01
1.040669536590576172e+01
1.053292083740234375e+01
1.065535545349121094e+01
1.080585861206054688e+01
1.089957523345947266e+01
1.102676868438720703e+01
1.116187953948974609e+01
1.128107357025146484e+01
1.141308212280273438e+01
1.156020736694335938e+01
1.168815040588378906e+01
1.180660438537597656e+01
1.193918323516845703e+01
1.210801506042480469e+01
1.222362041473388672e+01
1.237626457214355469e+01
1.249954128265380859e+01
1.265008163452148438e+01
1.278647422790527344e+01
1.292005252838134766e+01
1.304293346405029297e+01
1.320014095306396484e+01
1.335033130645751953e+01
1.349663066864013672e+01
1.363190174102783203e+01
1.378768157958984375e+01
1.392896461486816406e+01
1.408550167083740234e+01
1.423989295959472656e+01
1.439194583892822266e+01
1.453773307800292969e+01
1.469532394409179688e+01
1.485029602050781250e+01
1.500629806518554688e+01
1.515644264221191406e+01
1.531650257110595703e+01
1.548190307617187500e+01
1.562802314758300781e+01
1.578520774841308594e+01
1.595645618438720703e+01
1.612606620788574219e+01
1.627749252319335938e+01
1.645127677917480469e+01
1.660686683654785156e+01
1.677288627624511719e+01
1.694227790832519531e+01
1.710528564453125000e+01
