1.253508567810058594e+00
1.245847105979919434e+00
1.237335681915283203e+00
1.230094552040100098e+00
1.222513556480407715e+00
1.214836478233337402e+00
1.207030653953552246e+00
1.200283885002136230e+00
1.192548871040344238e+00
1.185469031333923340e+00
1.178289294242858887e+00
1.171255230903625488e+00
1.164307713508605957e+00
1.157257437705993652e+00
1.150484204292297363e+00
1.143549680709838867e+00
1.137007951736450195e+00
1.130355358123779297e+00
1.123938798904418945e+00
1.117425918579101562e+00
1.110929250717163086e+00
1.104681015014648438e+00
1.098674416542053223e+00
1.092739701271057129e+00
1.086587309837341309e+00
1.080997109413146973e+00
1.075230479240417480e+00
1.069414138793945312e+00
1.064076900482177734e+00
1.058172345161437988e+00
1.052573680877685547e+00
1.047377228736877441e+00
1.042466998100280762e+00
1.037328839302062988e+00
1.032571077346801758e+00
1.027914881706237793e+00
1.023153305053710938e+00
1.018165946006774902e+00
1.013718247413635254e+00
1.009453892707824707e+00
1.005285501480102539e+00
1.000212788581848145e+00
9.963234663009643555e-01
9.923171401023864746e-01
9.882457256317138672e-01
9.847119450569152832e-01
9.808838963508605957e-01
9.774970412254333496e-01
9.739446640014648438e-01
9.706889986991882324e-01
9.676181077957153320e-01
9.644093513488769531e-01
9.617423415184020996e-01
9.589898586273193359e-01
9.560416936874389648e-01
9.541120529174804688e-01
9.514252543449401855e-01
9.484806656837463379e-01
9.466664791107177734e-01
9.445413351058959961e-01
9.432933926582336426e-01
9.404426813125610352e-01
9.391946792602539062e-01
9.379730820655822754e-01
9.364172816276550293e-01
9.358031153678894043e-01
9.345258474349975586e-01
9.340116977691650391e-01
9.333275556564331055e-01
9.323565363883972168e-01
9.325401186943054199e-01
9.324473738670349121e-01
9.328097701072692871e-01
9.306998848915100098e-01
9.329110383987426758e-01
9.321311712265014648e-01
9.339653849601745605e-01
9.347484707832336426e-01
9.347292184829711914e-01
9.353175759315490723e-01
9.381899237632751465e-01
9.393332004547119141e-01
9.406723976135253906e-01
9.423858523368835449e-01
9.431491494178771973e-01
9.455476999282836914e-01
9.497542977333068848e-01
9.517846107482910156e-01
9.531107544898986816e-01
9.541260004043579102e-01
9.591206312179565430e-01
9.625850915908813477e-01
9.666752815246582031e-01
9.702042937278747559e-01
9.745011925697326660e-01
9.793559312820434570e-01
9.832901954650878906e-01
9.880568385124206543e-01
9.929168224334716797e-01
9.984881281852722168e-01
1.003438830375671387e+00
1.008143544197082520e+00
1.013887286186218262e+00
1.017992496490478516e+00
1.025734066963195801e+00
1.032648682594299316e+00
1.037962436676025391e+00
1.045576810836791992e+00
1.053293704986572266e+00
1.058111429214477539e+00
1.067726254463195801e+00
1.075236678123474121e+00
1.082472801208496094e+00
1.091185450553894043e+00
1.100451707839965820e+00
1.107942461967468262e+00
1.117418408393859863e+00
1.124814987182617188e+00
1.136321067810058594e+00
1.145840644836425781e+00
1.155790328979492188e+00
1.166916131973266602e+00
1.175827145576477051e+00
1.187307715415954590e+00
1.198917508125305176e+00
1.209514379501342773e+00
1.221330165863037109e+00
1.233657836914062500e+00
1.245553612709045410e+00
1.257620334625244141e+00
1.270967721939086914e+00
1.284311890602111816e+00
1.297346115112304688e+00
1.311256527900695801e+00
1.326637744903564453e+00
1.339094638824462891e+00
1.354555249214172363e+00
1.369671940803527832e+00
1.383720755577087402e+00
1.401007413864135742e+00
1.416429281234741211e+00
1.432252883911132812e+00
1.449267625808715820e+00
1.465016126632690430e+00
1.486488580703735352e+00
1.500664114952087402e+00
1.518963456153869629e+00
1.539450168609619141e+00
1.556393980979919434e+00
1.575270533561706543e+00
1.594475150108337402e+00
1.613162159919738770e+00
1.633367657661437988e+00
1.657294631004333496e+00
1.675813913345336914e+00
1.697140097618103027e+00
1.717799901962280273e+00
1.740602374076843262e+00
1.762989997863769531e+00
1.785816788673400879e+00
1.808895230293273926e+00
1.833562374114990234e+00
1.856662273406982422e+00
1.880909442901611328e+00
1.907073616981506348e+00
1.930005908012390137e+00
1.956568956375122070e+00
1.983672022819519043e+00
2.008809089660644531e+00
2.036366701126098633e+00
2.062027454376220703e+00
2.089416027069091797e+00
2.119143247604370117e+00
2.147513866424560547e+00
2.178128480911254883e+00
2.207233667373657227e+00
2.236969232559204102e+00
2.267170429229736328e+00
2.301143407821655273e+00
2.330383539199829102e+00
2.361067295074462891e+00
2.395686388015747070e+00
2.427954673767089844e+00
2.462132215499877930e+00
2.496685266494750977e+00
2.529750823974609375e+00
2.564197778701782227e+00
2.601206064224243164e+00
2.634496688842773438e+00
2.674009799957275391e+00
2.710033893585205078e+00
2.746317148208618164e+00
2.782435178756713867e+00
2.822686433792114258e+00
2.864037990570068359e+00
2.904910802841186523e+00
2.945201158523559570e+00
2.984720230102539062e+00
3.026416540145874023e+00
3.071351766586303711e+00
3.113990783691406250e+00
3.152123689651489258e+00
3.196238040924072266e+00
3.240933895111083984e+00
3.288176059722900391e+00
3.333721160888671875e+00
3.372886180877685547e+00
3.425868272781372070e+00
3.473633289337158203e+00
3.513796091079711914e+00
3.561870574951171875e+00
3.615152597427368164e+00
3.664049863815307617e+00
3.713937282562255859e+00
3.757761240005493164e+00
3.812363147735595703e+00
3.864771366119384766e+00
3.916441202163696289e+00
3.973986625671386719e+00
4.023860931396484375e+00
4.080007553100585938e+00
4.139309406280517578e+00
4.195421218872070312e+00
4.254347324371337891e+00
4.317222118377685547e+00
4.376247882843017578e+00
4.419197559356689453e+00
4.495491504669189453e+00
4.562428951263427734e+00
4.603317260742187500e+00
4.666648864746093750e+00
4.735184192657470703e+00
4.797787666320800781e+00
4.863692283630371094e+00
4.929792404174804688e+00
5.003718852996826172e+00
5.063771724700927734e+00
5.144797801971435547e+00
5.207134723663330078e+00
5.276815414428710938e+00
5.344655990600585938e+00
5.416054725646972656e+00
5.498807430267333984e+00
5.565766811370849609e+00
5.639471054077148438e+00
5.714574813842773438e+00
5.791755676269531250e+00
5.871715545654296875e+00
5.950150966644287109e+00
6.029693603515625000e+00
6.111773967742919922e+00
6.192320823669433594e+00
6.273346424102783203e+00
6.358136177062988281e+00
6.444329261779785156e+00
6.527872562408447266e+00
6.615653038024902344e+00
6.713978767395019531e+00
6.800162792205810547e+00
6.893902778625488281e+00
6.982699394226074219e+00
7.073826313018798828e+00
7.171804428100585938e+00
7.263744831085205078e+00
7.359766006469726562e+00
7.450588226318359375e+00
7.557666301727294922e+00
7.647925853729248047e+00
7.745105743408203125e+00
7.849410057067871094e+00
7.955500125885009766e+00
8.050845146179199219e+00
8.156508445739746094e+00
8.260156631469726562e+00
8.366987228393554688e+00
8.473295211791992188e+00
8.582988739013671875e+00
8.700355529785156250e+00
8.814120292663574219e+00
8.919205665588378906e+00
9.041634559631347656e+00
9.149303436279296875e+00
9.279942512512207031e+00
9.385951995849609375e+00
9.518202781677246094e+00
9.631936073303222656e+00
9.758575439453125000e+00
9.884519577026367188e+00
1.000579166412353516e+01
1.012169933319091797e+01
1.026111698150634766e+01
1.038646888732910156e+01
1.051545333862304688e+01
1.064616107940673828e+01
1.078841018676757812e+01
1.091543006896972656e+01
1.106062793731689453e+01
1.119284152984619141e+01
1.133497619628906250e+01
1.147576141357421875e+01
