9.856276512145996094e-01
9.804818630218505859e-01
9.772838950157165527e-01
9.726291298866271973e-01
9.687106609344482422e-01
9.646605849266052246e-01
9.602524042129516602e-01
9.571690559387207031e-01
9.538182020187377930e-01
9.511051774024963379e-01
9.483911395072937012e-01
9.459382295608520508e-01
9.431880116462707520e-01
9.412856101989746094e-01
9.386304616928100586e-01
9.372389316558837891e-01
9.357957243919372559e-01
9.331599473953247070e-01
9.330844879150390625e-01
9.317795634269714355e-01
9.304628968238830566e-01
9.304611086845397949e-01
9.297754168510437012e-01
9.298393726348876953e-01
9.305762052536010742e-01
9.308753609657287598e-01
9.314027428627014160e-01
9.320935606956481934e-01
9.325620532035827637e-01
9.345046281814575195e-01
9.361744523048400879e-01
9.371974468231201172e-01
9.394965171813964844e-01
9.421420693397521973e-01
9.448879957199096680e-01
9.475642442703247070e-01
9.502542614936828613e-01
9.536871314048767090e-01
9.575407505035400391e-01
9.615995883941650391e-01
9.651715159416198730e-01
9.699599742889404297e-01
9.742827415466308594e-01
9.791215062141418457e-01
9.843165278434753418e-01
9.903424382209777832e-01
9.961050748825073242e-01
1.002005457878112793e+00
1.008040666580200195e+00
1.015099287033081055e+00
1.022837519645690918e+00
1.029372334480285645e+00
1.037505149841308594e+00
1.045005798339843750e+00
1.053959131240844727e+00
1.062458276748657227e+00
1.071405291557312012e+00
1.080539226531982422e+00
1.089856624603271484e+00
1.099480152130126953e+00
1.110377311706542969e+00
1.120581150054931641e+00
1.131610751152038574e+00
1.142464518547058105e+00
1.154811143875122070e+00
1.166449785232543945e+00
1.178600072860717773e+00
1.191397547721862793e+00
1.204337716102600098e+00
1.217921495437622070e+00
1.231911063194274902e+00
1.245903372764587402e+00
1.260991096496582031e+00
1.275221943855285645e+00
1.291225671768188477e+00
1.306537628173828125e+00
1.322327852249145508e+00
1.338857531547546387e+00
1.355809926986694336e+00
1.372520327568054199e+00
1.391240000724792480e+00
1.408931136131286621e+00
1.427558422088623047e+00
1.446509361267089844e+00
1.466504573822021484e+00
1.485698223114013672e+00
1.505998373031616211e+00
1.526529431343078613e+00
1.547922492027282715e+00
1.570145130157470703e+00
1.591574549674987793e+00
1.614325404167175293e+00
1.637669086456298828e+00
1.660702705383300781e+00
1.685014486312866211e+00
1.709064245223999023e+00
1.734284996986389160e+00
1.759723067283630371e+00
1.785422563552856445e+00
1.811388492584228516e+00
1.838741779327392578e+00
1.865509152412414551e+00
1.893838763236999512e+00
1.921281933784484863e+00
1.950542807579040527e+00
1.979858160018920898e+00
2.009765148162841797e+00
2.040832042694091797e+00
2.072128772735595703e+00
2.102634906768798828e+00
2.135008096694946289e+00
2.168158292770385742e+00
2.201568126678466797e+00
2.235107898712158203e+00
2.269805431365966797e+00
2.304709196090698242e+00
2.340456247329711914e+00
2.377054214477539062e+00
2.413738250732421875e+00
2.450891971588134766e+00
2.489458084106445312e+00
2.527500867843627930e+00
2.567019939422607422e+00
2.606683969497680664e+00
2.647301197052001953e+00
2.688791275024414062e+00
2.730202913284301758e+00
2.773388385772705078e+00
2.816016674041748047e+00
2.859740257263183594e+00
2.904919385910034180e+00
2.949787378311157227e+00
2.995771884918212891e+00
3.042391777038574219e+00
3.089245557785034180e+00
3.137123107910156250e+00
3.185780763626098633e+00
3.235402345657348633e+00
3.285133361816406250e+00
3.337203025817871094e+00
3.387773513793945312e+00
3.440964460372924805e+00
3.493770122528076172e+00
3.547778844833374023e+00
3.601995706558227539e+00
3.657369852066040039e+00
3.713512182235717773e+00
3.770238399505615234e+00
3.828558206558227539e+00
3.886359691619873047e+00
3.945465803146362305e+00
4.006150722503662109e+00
4.066776275634765625e+00
4.129477500915527344e+00
4.192366600036621094e+00
4.255701541900634766e+00
4.320046424865722656e+00
4.384110927581787109e+00
4.451776027679443359e+00
4.518198490142822266e+00
4.586503028869628906e+00
4.655662059783935547e+00
4.725790023803710938e+00
4.796047210693359375e+00
4.868142604827880859e+00
4.941076755523681641e+00
5.014592647552490234e+00
5.089781284332275391e+00
5.164140701293945312e+00
5.240645885467529297e+00
5.318480968475341797e+00
5.396075725555419922e+00
5.476492404937744141e+00
5.557383060455322266e+00
5.639533519744873047e+00
5.722094535827636719e+00
5.805502891540527344e+00
5.890353202819824219e+00
5.976495265960693359e+00
6.062872886657714844e+00
6.151672840118408203e+00
6.240226745605468750e+00
6.331130981445312500e+00
6.422094345092773438e+00
6.514462471008300781e+00
6.608362674713134766e+00
6.703742980957031250e+00
6.799337863922119141e+00
6.896473407745361328e+00
6.993971824645996094e+00
7.093963146209716797e+00
7.195384502410888672e+00
7.296020507812500000e+00
7.399866580963134766e+00
7.504277229309082031e+00
7.610525608062744141e+00
7.717678070068359375e+00
7.824830055236816406e+00
7.935387611389160156e+00
8.045166015625000000e+00
8.158564567565917969e+00
8.271883010864257812e+00
8.385942459106445312e+00
8.502446174621582031e+00
8.620075225830078125e+00
8.737859725952148438e+00
8.859335899353027344e+00
8.979768753051757812e+00
9.103814125061035156e+00
9.227692604064941406e+00
9.354515075683593750e+00
9.480742454528808594e+00
9.610241889953613281e+00
9.740303993225097656e+00
9.870905876159667969e+00
1.000571346282958984e+01
1.013951683044433594e+01
1.027710819244384766e+01
1.041359615325927734e+01
1.055426311492919922e+01
1.069615936279296875e+01
1.083926200866699219e+01
1.098108196258544922e+01
1.112879371643066406e+01
1.127801418304443359e+01
1.142601871490478516e+01
1.157748126983642578e+01
1.173064708709716797e+01
1.188591194152832031e+01
1.204211044311523438e+01
1.220135879516601562e+01
1.236054134368896484e+01
1.252283000946044922e+01
1.268382740020751953e+01
1.284999561309814453e+01
1.301501178741455078e+01
1.318498706817626953e+01
1.335664272308349609e+01
1.352900028228759766e+01
1.370014858245849609e+01
1.387864017486572266e+01
1.405768108367919922e+01
1.423683643341064453e+01
1.442097949981689453e+01
1.460226726531982422e+01
1.478873348236083984e+01
1.497605228424072266e+01
1.516735935211181641e+01
1.535899448394775391e+01
1.555190181732177734e+01
1.575081443786621094e+01
1.594739818572998047e+01
1.614850234985351562e+01
1.635249137878417969e+01
1.655615043640136719e+01
1.676416397094726562e+01
1.697385215759277344e+01
1.718424034118652344e+01
1.739486312866210938e+01
1.761592102050781250e+01
1.783460998535156250e+01
1.805596923828125000e+01
1.827947616577148438e+01
1.850469017028808594e+01
1.873397064208984375e+01
1.896027183532714844e+01
1.919572830200195312e+01
1.943388938903808594e+01
1.967009353637695312e+01
1.990886306762695312e+01
2.015264892578125000e+01
2.039727210998535156e+01
2.064205932617187500e+01
2.089566612243652344e+01
2.114720344543457031e+01
2.140440750122070312e+01
2.165992355346679688e+01
2.191881942749023438e+01
2.218830871582031250e+01
2.245495605468750000e+01
2.272180938720703125e+01
2.299464797973632812e+01
2.327024841308593750e+01
2.354814529418945312e+01
2.382783889770507812e+01
2.411299705505371094e+01
2.439789390563964844e+01
2.469060325622558594e+01
2.497581481933593750e+01
2.527283477783203125e+01
2.556909942626953125e+01
2.587246704101562500e+01
2.618183135986328125e+01
2.648968124389648438e+01
2.680037879943847656e+01
2.710703468322753906e+01
2.742620658874511719e+01
2.775178718566894531e+01
2.805619049072265625e+01
2.840119171142578125e+01
