1.013687252998352051e+00
1.008186578750610352e+00
1.002584218978881836e+00
9.960356354713439941e-01
9.911639690399169922e-01
9.854684472084045410e-01
9.808256626129150391e-01
9.758811593055725098e-01
9.711988568305969238e-01
9.671484231948852539e-01
9.634870886802673340e-01
9.596309065818786621e-01
9.556571245193481445e-01
9.515491724014282227e-01
9.484350681304931641e-01
9.458783864974975586e-01
9.435890913009643555e-01
9.408512115478515625e-01
9.384657144546508789e-01
9.364597201347351074e-01
9.349422454833984375e-01
9.334288239479064941e-01
9.323684573173522949e-01
9.312414526939392090e-01
9.305312037467956543e-01
9.302103519439697266e-01
9.302140474319458008e-01
9.304736256599426270e-01
9.300189614295959473e-01
9.315606951713562012e-01
9.321453571319580078e-01
9.331557750701904297e-01
9.349523782730102539e-01
9.366236925125122070e-01
9.389296770095825195e-01
9.413941502571105957e-01
9.443940520286560059e-01
9.470930695533752441e-01
9.499105811119079590e-01
9.544720649719238281e-01
9.576532244682312012e-01
9.616635441780090332e-01
9.664654731750488281e-01
9.718378186225891113e-01
9.768360853195190430e-01
9.823102355003356934e-01
9.879667162895202637e-01
9.943425655364990234e-01
1.001586079597473145e+00
1.008361935615539551e+00
1.015740633010864258e+00
1.023263931274414062e+00
1.031197547912597656e+00
1.039733767509460449e+00
1.047715663909912109e+00
1.056740641593933105e+00
1.066541910171508789e+00
1.076548457145690918e+00
1.086297273635864258e+00
1.096504807472229004e+00
1.107703447341918945e+00
1.118872165679931641e+00
1.130805134773254395e+00
1.143071055412292480e+00
1.155596137046813965e+00
1.168854594230651855e+00
1.182453870773315430e+00
1.195903778076171875e+00
1.210283279418945312e+00
1.225145936012268066e+00
1.239974975585937500e+00
1.255349159240722656e+00
1.271013736724853516e+00
1.287013769149780273e+00
1.304117679595947266e+00
1.321447730064392090e+00
1.339053153991699219e+00
1.357598662376403809e+00
1.376160621643066406e+00
1.395395636558532715e+00
1.414141654968261719e+00
1.434533596038818359e+00
1.455298423767089844e+00
1.476276755332946777e+00
1.497257232666015625e+00
1.519335508346557617e+00
1.542289376258850098e+00
1.564618468284606934e+00
1.587901353836059570e+00
1.612476706504821777e+00
1.636640548706054688e+00
1.662290930747985840e+00
1.687703013420104980e+00
1.714370250701904297e+00
1.740528821945190430e+00
1.767773270606994629e+00
1.796067118644714355e+00
1.823606252670288086e+00
1.852839469909667969e+00
1.882734894752502441e+00
1.912451624870300293e+00
1.944453597068786621e+00
1.975169658660888672e+00
2.006979465484619141e+00
2.038340568542480469e+00
2.073529720306396484e+00
2.107509613037109375e+00
2.142481565475463867e+00
2.176479816436767578e+00
2.212845563888549805e+00
2.249360084533691406e+00
2.286558866500854492e+00
2.323286294937133789e+00
2.360590457916259766e+00
2.400274515151977539e+00
2.439553976058959961e+00
2.480054140090942383e+00
2.521171092987060547e+00
2.561904191970825195e+00
2.605214595794677734e+00
2.648379564285278320e+00
2.690907716751098633e+00
2.735872745513916016e+00
2.780686855316162109e+00
2.825809955596923828e+00
2.872750043869018555e+00
2.920388460159301758e+00
2.967872142791748047e+00
3.016922235488891602e+00
3.065692663192749023e+00
3.116629838943481445e+00
3.167606830596923828e+00
3.219012260437011719e+00
3.272183418273925781e+00
3.326022863388061523e+00
3.380598545074462891e+00
3.435708045959472656e+00
3.490457296371459961e+00
3.547234058380126953e+00
3.605388402938842773e+00
3.663310766220092773e+00
3.722491502761840820e+00
3.782580614089965820e+00
3.846201896667480469e+00
3.906620979309082031e+00
3.971176862716674805e+00
4.034421443939208984e+00
4.099076747894287109e+00
4.164704799652099609e+00
4.232538223266601562e+00
4.299644470214843750e+00
4.369280815124511719e+00
4.437457561492919922e+00
4.507852077484130859e+00
4.579184532165527344e+00
4.650831699371337891e+00
4.724476337432861328e+00
4.799038410186767578e+00
4.876221656799316406e+00
4.951977252960205078e+00
5.029337882995605469e+00
5.108486175537109375e+00
5.187597751617431641e+00
5.269507408142089844e+00
5.351945400238037109e+00
5.433447837829589844e+00
5.517277717590332031e+00
5.602663040161132812e+00
5.689373016357421875e+00
5.777095317840576172e+00
5.865481853485107422e+00
5.955532550811767578e+00
6.047308921813964844e+00
6.138449668884277344e+00
6.232195854187011719e+00
6.326252460479736328e+00
6.421676635742187500e+00
6.517649173736572266e+00
6.615038394927978516e+00
6.715082645416259766e+00
6.815049171447753906e+00
6.917850971221923828e+00
7.020501136779785156e+00
7.125522136688232422e+00
7.231496334075927734e+00
7.338996410369873047e+00
7.447698116302490234e+00
7.557637691497802734e+00
7.669611454010009766e+00
7.783288955688476562e+00
7.895777702331542969e+00
8.012184143066406250e+00
8.129581451416015625e+00
8.247432708740234375e+00
8.365767478942871094e+00
8.486331939697265625e+00
8.610414505004882812e+00
8.733523368835449219e+00
8.858513832092285156e+00
8.986202239990234375e+00
9.113760948181152344e+00
9.243620872497558594e+00
9.375471115112304688e+00
9.507696151733398438e+00
9.643739700317382812e+00
9.780583381652832031e+00
9.917691230773925781e+00
1.005731582641601562e+01
1.019845390319824219e+01
1.034015560150146484e+01
1.048578739166259766e+01
1.063192081451416016e+01
1.077936363220214844e+01
1.092873382568359375e+01
1.107833003997802734e+01
1.123324680328369141e+01
1.138746738433837891e+01
1.154503536224365234e+01
1.170392990112304688e+01
1.185923004150390625e+01
1.202553367614746094e+01
1.219084072113037109e+01
1.235639095306396484e+01
1.252237892150878906e+01
1.269036769866943359e+01
1.286468601226806641e+01
1.303504848480224609e+01
1.321005249023437500e+01
1.338722610473632812e+01
1.356565475463867188e+01
1.374551010131835938e+01
1.393088817596435547e+01
1.411236000061035156e+01
1.430183887481689453e+01
1.449258899688720703e+01
1.468461608886718750e+01
1.487849903106689453e+01
1.507125568389892578e+01
1.527298736572265625e+01
1.546835041046142578e+01
1.567558193206787109e+01
1.587980937957763672e+01
1.608564186096191406e+01
1.629733657836914062e+01
1.650565338134765625e+01
1.671960258483886719e+01
1.693659400939941406e+01
1.715551376342773438e+01
1.737649345397949219e+01
1.759812355041503906e+01
1.782379150390625000e+01
1.804893684387207031e+01
1.827995872497558594e+01
1.850967788696289062e+01
1.874496078491210938e+01
1.898449897766113281e+01
1.922213554382324219e+01
1.946805763244628906e+01
1.971549987792968750e+01
1.995943069458007812e+01
2.020827865600585938e+01
2.046346282958984375e+01
2.072141647338867188e+01
2.098170089721679688e+01
2.124443244934082031e+01
2.150968551635742188e+01
2.177646827697753906e+01
2.203782463073730469e+01
2.231867790222167969e+01
2.258849906921386719e+01
2.287194442749023438e+01
2.315043640136718750e+01
2.343069267272949219e+01
2.371909713745117188e+01
2.401623535156250000e+01
2.430647277832031250e+01
2.460344505310058594e+01
2.490476989746093750e+01
2.520578193664550781e+01
2.549708747863769531e+01
2.582085418701171875e+01
2.613192558288574219e+01
2.644742965698242188e+01
2.676698303222656250e+01
2.708667945861816406e+01
2.741290855407714844e+01
2.774169349670410156e+01
2.806345558166503906e+01
2.840877532958984375e+01
2.874932479858398438e+01
2.909128761291503906e+01
2.943214797973632812e+01
2.978549385070800781e+01
3.013885688781738281e+01
3.049774169921875000e+01
3.085140991210937500e+01
3.121319198608398438e+01
3.158407402038574219e+01
3.195490264892578125e+01
3.232902526855468750e+01
