4.261555194854736328e+00
4.223344802856445312e+00
4.213078022003173828e+00
4.181327342987060547e+00
4.152374744415283203e+00
4.135362625122070312e+00
4.109020233154296875e+00
4.090305805206298828e+00
4.069705486297607422e+00
4.050334453582763672e+00
4.031828403472900391e+00
4.013503551483154297e+00
3.995729923248291016e+00
3.973655462265014648e+00
3.960038661956787109e+00
3.946073532104492188e+00
3.926724672317504883e+00
3.918029308319091797e+00
3.897762060165405273e+00
3.882586002349853516e+00
3.868844985961914062e+00
3.854983329772949219e+00
3.842958211898803711e+00
3.837247371673583984e+00
3.816871643066406250e+00
3.806344985961914062e+00
3.805483818054199219e+00
3.789857149124145508e+00
3.778893947601318359e+00
3.769057989120483398e+00
3.761120796203613281e+00
3.754320383071899414e+00
3.748508930206298828e+00
3.742180347442626953e+00
3.736799001693725586e+00
3.732683181762695312e+00
3.728538751602172852e+00
3.725692510604858398e+00
3.722744464874267578e+00
3.720183610916137695e+00
3.719634294509887695e+00
3.718659639358520508e+00
3.718691825866699219e+00
3.719037055969238281e+00
3.721595764160156250e+00
3.726321697235107422e+00
3.727265119552612305e+00
3.730373144149780273e+00
3.740714550018310547e+00
3.752630233764648438e+00
3.771279335021972656e+00
3.764750719070434570e+00
3.768992900848388672e+00
3.792793273925781250e+00
3.799259424209594727e+00
3.803950309753417969e+00
3.812823057174682617e+00
3.826672315597534180e+00
3.847189188003540039e+00
3.853390693664550781e+00
3.867798566818237305e+00
3.877100467681884766e+00
3.897055864334106445e+00
3.917602539062500000e+00
3.934635877609252930e+00
3.960042953491210938e+00
3.966381788253784180e+00
3.981872558593750000e+00
4.010194301605224609e+00
4.030156135559082031e+00
4.057696819305419922e+00
4.074997425079345703e+00
4.105510711669921875e+00
4.131749629974365234e+00
4.164875030517578125e+00
4.188030719757080078e+00
4.210975646972656250e+00
4.255424499511718750e+00
4.284313201904296875e+00
4.313388347625732422e+00
4.349916458129882812e+00
4.380278110504150391e+00
4.422265529632568359e+00
4.457847595214843750e+00
4.496396541595458984e+00
4.531133651733398438e+00
4.575393676757812500e+00
4.616481304168701172e+00
4.659602642059326172e+00
4.704410076141357422e+00
4.746609687805175781e+00
4.793019294738769531e+00
4.840198040008544922e+00
4.889608383178710938e+00
4.940257549285888672e+00
4.991253376007080078e+00
5.044435977935791016e+00
5.098351478576660156e+00
5.153908729553222656e+00
5.210474967956542969e+00
5.268065929412841797e+00
5.333343029022216797e+00
5.388810157775878906e+00
5.455752372741699219e+00
5.514152526855468750e+00
5.579766750335693359e+00
5.645515918731689453e+00
5.713587284088134766e+00
5.782458305358886719e+00
5.852475643157958984e+00
5.924773216247558594e+00
5.998224735260009766e+00
6.071973800659179688e+00
6.150406837463378906e+00
6.226753711700439453e+00
6.303678512573242188e+00
6.389335632324218750e+00
6.469599246978759766e+00
6.554343223571777344e+00
6.661471843719482422e+00
6.729771614074707031e+00
6.819411754608154297e+00
6.905489444732666016e+00
7.006244182586669922e+00
7.090671062469482422e+00
7.185569763183593750e+00
7.279351711273193359e+00
7.391196727752685547e+00
7.505933761596679688e+00
7.589810371398925781e+00
7.701040267944335938e+00
7.797685146331787109e+00
7.916626930236816406e+00
8.030364990234375000e+00
8.133046150207519531e+00
8.263035774230957031e+00
8.361071586608886719e+00
8.493257522583007812e+00
8.599521636962890625e+00
8.744144439697265625e+00
8.855170249938964844e+00
8.981009483337402344e+00
9.090236663818359375e+00
9.220561981201171875e+00
9.363837242126464844e+00
9.502578735351562500e+00
9.615421295166015625e+00
9.749071121215820312e+00
9.894389152526855469e+00
1.005967807769775391e+01
1.017939758300781250e+01
1.033430480957031250e+01
1.048612308502197266e+01
1.062335968017578125e+01
1.078337860107421875e+01
1.092612552642822266e+01
1.108524227142333984e+01
1.124289608001708984e+01
1.142494964599609375e+01
1.157834911346435547e+01
1.175905990600585938e+01
1.195427417755126953e+01
1.209898757934570312e+01
1.225697135925292969e+01
1.243096733093261719e+01
1.262888813018798828e+01
1.280872154235839844e+01
1.298416137695312500e+01
1.317066287994384766e+01
1.337490844726562500e+01
1.354036140441894531e+01
1.376592254638671875e+01
1.393945789337158203e+01
1.414810085296630859e+01
1.433891105651855469e+01
1.456047344207763672e+01
1.477817916870117188e+01
1.497395038604736328e+01
1.517678642272949219e+01
1.539747333526611328e+01
1.561885356903076172e+01
1.587469863891601562e+01
1.607229614257812500e+01
1.630487442016601562e+01
1.656663894653320312e+01
1.675950813293457031e+01
1.699999427795410156e+01
1.726399230957031250e+01
1.749132347106933594e+01
1.775430488586425781e+01
1.798435592651367188e+01
1.822540664672851562e+01
1.849844932556152344e+01
1.877104949951171875e+01
1.900504875183105469e+01
1.927367782592773438e+01
1.955789756774902344e+01
1.981772613525390625e+01
2.009271240234375000e+01
2.041484260559082031e+01
2.072266197204589844e+01
2.097234916687011719e+01
2.125992393493652344e+01
2.152510643005371094e+01
2.183700942993164062e+01
2.219188690185546875e+01
2.243493270874023438e+01
2.277798461914062500e+01
2.309089469909667969e+01
2.337414169311523438e+01
2.370168113708496094e+01
2.405275154113769531e+01
2.436801528930664062e+01
2.469231605529785156e+01
2.504589271545410156e+01
2.536089897155761719e+01
2.570568275451660156e+01
2.605826568603515625e+01
2.642074012756347656e+01
2.677846908569335938e+01
2.714893341064453125e+01
2.752949523925781250e+01
2.789921569824218750e+01
2.824766921997070312e+01
2.864361381530761719e+01
2.901928710937500000e+01
2.939929771423339844e+01
2.978494834899902344e+01
3.019971847534179688e+01
3.062662315368652344e+01
3.099144935607910156e+01
3.140184020996093750e+01
3.184344291687011719e+01
3.224397277832031250e+01
3.273448944091796875e+01
3.315793228149414062e+01
3.355026245117187500e+01
3.401653289794921875e+01
3.443253326416015625e+01
3.486842727661132812e+01
3.531141662597656250e+01
3.582817077636718750e+01
3.625355148315429688e+01
3.672174835205078125e+01
3.720644378662109375e+01
3.771696090698242188e+01
3.817438125610351562e+01
3.867062377929687500e+01
3.919316864013671875e+01
3.969607543945312500e+01
4.020600509643554688e+01
4.067992782592773438e+01
4.119792556762695312e+01
4.172409057617187500e+01
4.225703811645507812e+01
4.280577468872070312e+01
4.334220886230468750e+01
4.390586853027343750e+01
4.448797988891601562e+01
4.505570983886718750e+01
4.559798049926757812e+01
4.617137145996093750e+01
4.672153472900390625e+01
4.731497573852539062e+01
4.799194335937500000e+01
4.857595825195312500e+01
4.911531066894531250e+01
4.974800109863281250e+01
5.038371276855468750e+01
5.104623031616210938e+01
5.167980194091796875e+01
5.229557800292968750e+01
5.292199325561523438e+01
5.363434219360351562e+01
5.429716873168945312e+01
5.490558242797851562e+01
5.556427001953125000e+01
5.625529098510742188e+01
5.697632598876953125e+01
5.764188385009765625e+01
5.834823608398437500e+01
5.909873962402343750e+01
5.977216339111328125e+01
6.047884750366210938e+01
6.129628753662109375e+01
6.204589462280273438e+01
6.282431793212890625e+01
6.346179199218750000e+01
6.423489379882812500e+01
6.504800415039062500e+01
6.580765533447265625e+01
6.665919494628906250e+01
6.745954895019531250e+01
6.821482086181640625e+01
6.905269622802734375e+01
6.991074371337890625e+01
7.075520324707031250e+01
7.160974884033203125e+01
7.239332580566406250e+01
7.330995178222656250e+01
