9.792969226837158203e-01
9.767243266105651855e-01
9.744979739189147949e-01
9.709665775299072266e-01
9.674718976020812988e-01
9.671822190284729004e-01
9.627156257629394531e-01
9.578303694725036621e-01
9.581620097160339355e-01
9.552484154701232910e-01
9.538725018501281738e-01
9.495686888694763184e-01
9.474214315414428711e-01
9.456161260604858398e-01
9.436554312705993652e-01
9.423223137855529785e-01
9.409964084625244141e-01
9.408427476882934570e-01
9.396760463714599609e-01
9.371744394302368164e-01
9.357967972755432129e-01
9.350516200065612793e-01
9.340732097625732422e-01
9.329898953437805176e-01
9.317286014556884766e-01
9.314999580383300781e-01
9.307367205619812012e-01
9.301823377609252930e-01
9.304369688034057617e-01
9.303867220878601074e-01
9.304001927375793457e-01
9.304154515266418457e-01
9.300873875617980957e-01
9.306002855300903320e-01
9.306334257125854492e-01
9.339921474456787109e-01
9.348186254501342773e-01
9.334351420402526855e-01
9.370721578598022461e-01
9.377427697181701660e-01
9.412055015563964844e-01
9.386585950851440430e-01
9.424048066139221191e-01
9.437226057052612305e-01
9.438112378120422363e-01
9.518561959266662598e-01
9.497795104980468750e-01
9.514684081077575684e-01
9.535449743270874023e-01
9.568239450454711914e-01
9.587073326110839844e-01
9.603775739669799805e-01
9.632130265235900879e-01
9.651682376861572266e-01
9.699785113334655762e-01
9.721097946166992188e-01
9.760947227478027344e-01
9.802252054214477539e-01
9.855535030364990234e-01
9.876543879508972168e-01
9.922960996627807617e-01
9.920656085014343262e-01
9.963020086288452148e-01
1.001239299774169922e+00
1.005595564842224121e+00
1.010882854461669922e+00
1.016408085823059082e+00
1.021034359931945801e+00
1.026699185371398926e+00
1.032519578933715820e+00
1.037959337234497070e+00
1.042963504791259766e+00
1.049503087997436523e+00
1.055237412452697754e+00
1.061456799507141113e+00
1.068445324897766113e+00
1.075148344039916992e+00
1.082032442092895508e+00
1.089085817337036133e+00
1.096668243408203125e+00
1.107629895210266113e+00
1.112178683280944824e+00
1.119939684867858887e+00
1.128964304924011230e+00
1.136395931243896484e+00
1.145755887031555176e+00
1.154068231582641602e+00
1.162928342819213867e+00
1.173193573951721191e+00
1.182086110115051270e+00
1.191022992134094238e+00
1.200684070587158203e+00
1.211297512054443359e+00
1.222636580467224121e+00
1.232698798179626465e+00
1.243941903114318848e+00
1.254262208938598633e+00
1.265503644943237305e+00
1.276380538940429688e+00
1.288841962814331055e+00
1.298777222633361816e+00
1.312110781669616699e+00
1.323436021804809570e+00
1.336489796638488770e+00
1.349417805671691895e+00
1.362961649894714355e+00
1.376045465469360352e+00
1.390201091766357422e+00
1.403885006904602051e+00
1.424196004867553711e+00
1.435774564743041992e+00
1.449775218963623047e+00
1.462425708770751953e+00
1.478358983993530273e+00
1.493507146835327148e+00
1.511667966842651367e+00
1.523449659347534180e+00
1.540639042854309082e+00
1.557848691940307617e+00
1.573517680168151855e+00
1.591408729553222656e+00
1.609345436096191406e+00
1.626530528068542480e+00
1.644604802131652832e+00
1.662850737571716309e+00
1.682182312011718750e+00
1.701052665710449219e+00
1.722104310989379883e+00
1.741862893104553223e+00
1.760231375694274902e+00
1.780200839042663574e+00
1.800216436386108398e+00
1.821997404098510742e+00
1.844642043113708496e+00
1.863724589347839355e+00
1.885181784629821777e+00
1.910275459289550781e+00
1.930760025978088379e+00
1.956988573074340820e+00
1.978307247161865234e+00
2.002087354660034180e+00
2.023983001708984375e+00
2.050606250762939453e+00
2.072134494781494141e+00
2.103958368301391602e+00
2.123661518096923828e+00
2.150331974029541016e+00
2.177933692932128906e+00
2.200590133666992188e+00
2.228785991668701172e+00
2.256652116775512695e+00
2.283904790878295898e+00
2.313224792480468750e+00
2.342314958572387695e+00
2.369627475738525391e+00
2.398826360702514648e+00
2.428393125534057617e+00
2.457594871520996094e+00
2.489879131317138672e+00
2.518511295318603516e+00
2.557983160018920898e+00
2.585326433181762695e+00
2.614015579223632812e+00
2.648512363433837891e+00
2.684551477432250977e+00
2.716123342514038086e+00
2.752082824707031250e+00
2.785858869552612305e+00
2.825670242309570312e+00
2.856759548187255859e+00
2.898040056228637695e+00
2.926434755325317383e+00
2.970798492431640625e+00
3.008357048034667969e+00
3.045280456542968750e+00
3.081277847290039062e+00
3.118608474731445312e+00
3.161111593246459961e+00
3.200572252273559570e+00
3.237957477569580078e+00
3.278818130493164062e+00
3.326733112335205078e+00
3.369082927703857422e+00
3.405232667922973633e+00
3.454750537872314453e+00
3.493584632873535156e+00
3.536329269409179688e+00
3.583347558975219727e+00
3.623552322387695312e+00
3.671969413757324219e+00
3.720231533050537109e+00
3.764724493026733398e+00
3.810413122177124023e+00
3.859706640243530273e+00
3.907577753067016602e+00
3.957129478454589844e+00
4.014661788940429688e+00
4.059275150299072266e+00
4.108919620513916016e+00
4.160689830780029297e+00
4.219221115112304688e+00
4.272547245025634766e+00
4.319799900054931641e+00
4.373106479644775391e+00
4.430597782135009766e+00
4.488779544830322266e+00
4.548033714294433594e+00
4.598406314849853516e+00
4.660222053527832031e+00
4.714139938354492188e+00
4.771181106567382812e+00
4.831986904144287109e+00
4.898259639739990234e+00
4.953126430511474609e+00
5.024023056030273438e+00
5.083597660064697266e+00
5.152933120727539062e+00
5.205776214599609375e+00
5.270756244659423828e+00
5.342367649078369141e+00
5.402478694915771484e+00
5.472135543823242188e+00
5.543801307678222656e+00
5.609937667846679688e+00
5.679072380065917969e+00
5.752398014068603516e+00
5.821457386016845703e+00
5.891909599304199219e+00
5.961089611053466797e+00
6.045830249786376953e+00
6.115879535675048828e+00
6.201073169708251953e+00
6.264996051788330078e+00
6.339773178100585938e+00
6.414164066314697266e+00
6.493623256683349609e+00
6.577805519104003906e+00
6.657866954803466797e+00
6.738881587982177734e+00
6.822726726531982422e+00
6.909238815307617188e+00
6.996068477630615234e+00
7.078811645507812500e+00
7.163965225219726562e+00
7.246711730957031250e+00
7.341122150421142578e+00
7.423836231231689453e+00
7.514948368072509766e+00
7.609591007232666016e+00
7.706063747406005859e+00
7.795910835266113281e+00
7.888395309448242188e+00
7.986182212829589844e+00
8.071941375732421875e+00
8.169134140014648438e+00
8.265304565429687500e+00
8.365954399108886719e+00
8.464792251586914062e+00
8.566985130310058594e+00
8.675718307495117188e+00
8.773280143737792969e+00
8.886379241943359375e+00
8.984137535095214844e+00
9.090807914733886719e+00
9.200232505798339844e+00
9.315502166748046875e+00
9.413436889648437500e+00
9.529893875122070312e+00
9.636917114257812500e+00
9.757363319396972656e+00
9.884535789489746094e+00
9.980252265930175781e+00
1.009799575805664062e+01
1.021743202209472656e+01
1.033458328247070312e+01
1.046773147583007812e+01
1.059259128570556641e+01
1.071500015258789062e+01
1.083373069763183594e+01
1.097934532165527344e+01
1.108234214782714844e+01
1.121485233306884766e+01
1.135339164733886719e+01
1.149382495880126953e+01
1.161393833160400391e+01
1.174236965179443359e+01
1.188698863983154297e+01
1.202875900268554688e+01
1.216976737976074219e+01
1.228756427764892578e+01
1.245771503448486328e+01
1.257276725769042969e+01
1.273976707458496094e+01
1.286232185363769531e+01
1.300801658630371094e+01
1.317048931121826172e+01
1.332781028747558594e+01
1.346023082733154297e+01
1.362649822235107422e+01
1.378446292877197266e+01
