1.007910370826721191e+00
1.002374053001403809e+00
9.987915158271789551e-01
9.937903881072998047e-01
9.905098080635070801e-01
9.851246476173400879e-01
9.834983348846435547e-01
9.789439439773559570e-01
9.758077263832092285e-01
9.722275733947753906e-01
9.697981476783752441e-01
9.653525948524475098e-01
9.631485342979431152e-01
9.612076282501220703e-01
9.589351415634155273e-01
9.551737904548645020e-01
9.512964487075805664e-01
9.505777359008789062e-01
9.476763010025024414e-01
9.442006945610046387e-01
9.441194534301757812e-01
9.439370632171630859e-01
9.369753003120422363e-01
9.382337331771850586e-01
9.366285800933837891e-01
9.366847276687622070e-01
9.350694417953491211e-01
9.366876482963562012e-01
9.390079975128173828e-01
9.336296916007995605e-01
9.349450469017028809e-01
9.347299933433532715e-01
9.343124032020568848e-01
9.328780174255371094e-01
9.344744682312011719e-01
9.347462654113769531e-01
9.316668510437011719e-01
9.338911175727844238e-01
9.311580061912536621e-01
9.366400241851806641e-01
9.355246424674987793e-01
9.402221441268920898e-01
9.383773803710937500e-01
9.404550194740295410e-01
9.421414136886596680e-01
9.429075717926025391e-01
9.453932642936706543e-01
9.482977390289306641e-01
9.480838179588317871e-01
9.535045027732849121e-01
9.562542438507080078e-01
9.559464454650878906e-01
9.620825648307800293e-01
9.652652144432067871e-01
9.674561023712158203e-01
9.711594581604003906e-01
9.783232212066650391e-01
9.796001315116882324e-01
9.845061302185058594e-01
9.890269637107849121e-01
9.943325519561767578e-01
9.958969950675964355e-01
1.002512335777282715e+00
1.008230566978454590e+00
1.013375520706176758e+00
1.024582505226135254e+00
1.025036811828613281e+00
1.033274769783020020e+00
1.037921547889709473e+00
1.045039057731628418e+00
1.051496744155883789e+00
1.060607910156250000e+00
1.068042874336242676e+00
1.073338627815246582e+00
1.083213090896606445e+00
1.090471625328063965e+00
1.100193262100219727e+00
1.107131004333496094e+00
1.115686416625976562e+00
1.128857374191284180e+00
1.133280873298645020e+00
1.149954319000244141e+00
1.151915192604064941e+00
1.164079904556274414e+00
1.176143884658813477e+00
1.183567523956298828e+00
1.195917010307312012e+00
1.204543828964233398e+00
1.219471096992492676e+00
1.235726118087768555e+00
1.243489980697631836e+00
1.257649064064025879e+00
1.269395112991333008e+00
1.281704664230346680e+00
1.295269608497619629e+00
1.305566906929016113e+00
1.317260503768920898e+00
1.336401462554931641e+00
1.352167725563049316e+00
1.362393736839294434e+00
1.382594943046569824e+00
1.394670486450195312e+00
1.405756354331970215e+00
1.426099538803100586e+00
1.441574215888977051e+00
1.455284357070922852e+00
1.474495649337768555e+00
1.488180041313171387e+00
1.505924344062805176e+00
1.526367306709289551e+00
1.545166730880737305e+00
1.559099435806274414e+00
1.579522609710693359e+00
1.596859574317932129e+00
1.617508292198181152e+00
1.639246940612792969e+00
1.656845808029174805e+00
1.679403305053710938e+00
1.699740290641784668e+00
1.720362544059753418e+00
1.743389487266540527e+00
1.763506889343261719e+00
1.786944031715393066e+00
1.807823419570922852e+00
1.832620501518249512e+00
1.855467915534973145e+00
1.877480030059814453e+00
1.903126955032348633e+00
1.927024483680725098e+00
1.952754497528076172e+00
1.977961778640747070e+00
2.005920410156250000e+00
2.032519340515136719e+00
2.063843965530395508e+00
2.084884405136108398e+00
2.113866806030273438e+00
2.143876791000366211e+00
2.171706199645996094e+00
2.198767185211181641e+00
2.238312244415283203e+00
2.269558429718017578e+00
2.296053409576416016e+00
2.324986696243286133e+00
2.353896141052246094e+00
2.379222869873046875e+00
2.413612365722656250e+00
2.447747707366943359e+00
2.482603549957275391e+00
2.511385440826416016e+00
2.548174858093261719e+00
2.582682609558105469e+00
2.617304325103759766e+00
2.655810356140136719e+00
2.689270973205566406e+00
2.726362228393554688e+00
2.761427402496337891e+00
2.804382801055908203e+00
2.840258598327636719e+00
2.878826618194580078e+00
2.919520616531372070e+00
2.957298755645751953e+00
3.002095222473144531e+00
3.042337417602539062e+00
3.082153081893920898e+00
3.126691579818725586e+00
3.168840408325195312e+00
3.212137222290039062e+00
3.255720138549804688e+00
3.300390005111694336e+00
3.343446254730224609e+00
3.387672424316406250e+00
3.438053607940673828e+00
3.481413841247558594e+00
3.529969692230224609e+00
3.578106880187988281e+00
3.629111289978027344e+00
3.679803371429443359e+00
3.725774765014648438e+00
3.781059265136718750e+00
3.825081348419189453e+00
3.878448724746704102e+00
3.935978651046752930e+00
3.989336013793945312e+00
4.040888786315917969e+00
4.096168518066406250e+00
4.151128768920898438e+00
4.211842536926269531e+00
4.266551971435546875e+00
4.324090957641601562e+00
4.385260581970214844e+00
4.443549156188964844e+00
4.498522281646728516e+00
4.564369201660156250e+00
4.626559257507324219e+00
4.688611984252929688e+00
4.751705646514892578e+00
4.822153568267822266e+00
4.879146099090576172e+00
4.950861930847167969e+00
5.014972686767578125e+00
5.075837135314941406e+00
5.146512985229492188e+00
5.213078022003173828e+00
5.285161495208740234e+00
5.355182170867919922e+00
5.424651145935058594e+00
5.496068954467773438e+00
5.571698188781738281e+00
5.644222259521484375e+00
5.719427108764648438e+00
5.793125629425048828e+00
5.868654727935791016e+00
5.950581550598144531e+00
6.032381057739257812e+00
6.174343109130859375e+00
6.198976993560791016e+00
6.275666713714599609e+00
6.345584869384765625e+00
6.431568145751953125e+00
6.529333114624023438e+00
6.608209609985351562e+00
6.677659034729003906e+00
6.814845561981201172e+00
6.865256786346435547e+00
6.956841468811035156e+00
7.047809123992919922e+00
7.129221439361572266e+00
7.209102630615234375e+00
7.317617416381835938e+00
7.411748886108398438e+00
7.498915195465087891e+00
7.599938869476318359e+00
7.694261550903320312e+00
7.789604663848876953e+00
7.894095420837402344e+00
8.012599945068359375e+00
8.090068817138671875e+00
8.191804885864257812e+00
8.288669586181640625e+00
8.398989677429199219e+00
8.498845100402832031e+00
8.615518569946289062e+00
8.714050292968750000e+00
8.833467483520507812e+00
8.940212249755859375e+00
9.061569213867187500e+00
9.199262619018554688e+00
9.283298492431640625e+00
9.404655456542968750e+00
9.516841888427734375e+00
9.636804580688476562e+00
9.759265899658203125e+00
9.875425338745117188e+00
1.001383590698242188e+01
1.012813377380371094e+01
1.027415084838867188e+01
1.038179302215576172e+01
1.051613521575927734e+01
1.063730525970458984e+01
1.076874256134033203e+01
1.090003108978271484e+01
1.101774692535400391e+01
1.116031646728515625e+01
1.134428215026855469e+01
1.143949604034423828e+01
1.159063625335693359e+01
1.170754146575927734e+01
1.186550998687744141e+01
1.201597023010253906e+01
1.216636276245117188e+01
1.229665756225585938e+01
1.243893146514892578e+01
1.259102821350097656e+01
1.275244140625000000e+01
1.291199493408203125e+01
1.306295394897460938e+01
1.322111511230468750e+01
1.336563777923583984e+01
1.354755210876464844e+01
1.372230720520019531e+01
1.389671707153320312e+01
1.406486034393310547e+01
1.417750263214111328e+01
1.436518859863281250e+01
1.452208232879638672e+01
1.469330024719238281e+01
1.486931228637695312e+01
1.504626178741455078e+01
1.524237155914306641e+01
1.542211532592773438e+01
1.562252235412597656e+01
1.575208473205566406e+01
1.599135208129882812e+01
1.616625404357910156e+01
1.634241676330566406e+01
1.654182815551757812e+01
1.674020957946777344e+01
1.689950942993164062e+01
1.716328239440917969e+01
1.735620880126953125e+01
