7.742906093597412109e+00
5.061692714691162109e+00
3.663722038269042969e+00
3.809473514556884766e+00
3.771002769470214844e+00
3.735299110412597656e+00
3.733852148056030273e+00
3.720140695571899414e+00
3.725979804992675781e+00
3.719631910324096680e+00
3.719187974929809570e+00
3.722813844680786133e+00
3.726748943328857422e+00
3.725680112838745117e+00
3.728425502777099609e+00
3.727661132812500000e+00
3.731179475784301758e+00
3.733033418655395508e+00
3.742283821105957031e+00
3.749223470687866211e+00
3.746597528457641602e+00
3.760728120803833008e+00
3.752730607986450195e+00
3.758305311203002930e+00
3.762103796005249023e+00
3.765995740890502930e+00
3.779307842254638672e+00
3.774783611297607422e+00
3.780640602111816406e+00
3.784757852554321289e+00
3.782949447631835938e+00
3.785059213638305664e+00
3.796001434326171875e+00
3.794084787368774414e+00
3.800704479217529297e+00
3.802622079849243164e+00
3.807151794433593750e+00
3.811632156372070312e+00
3.819166898727416992e+00
3.816753625869750977e+00
3.819583177566528320e+00
3.985776185989379883e+00
3.839123010635375977e+00
3.831625938415527344e+00
3.834763526916503906e+00
3.841436386108398438e+00
3.844081401824951172e+00
4.004743576049804688e+00
3.862396955490112305e+00
3.858921527862548828e+00
3.860804796218872070e+00
3.863753318786621094e+00
3.867487192153930664e+00
3.874632358551025391e+00
3.893450975418090820e+00
3.888993978500366211e+00
3.895499944686889648e+00
3.910687208175659180e+00
3.893491744995117188e+00
3.899555206298828125e+00
3.905143022537231445e+00
3.907674789428710938e+00
3.904325723648071289e+00
3.908007860183715820e+00
3.941342592239379883e+00
3.918135166168212891e+00
3.923736572265625000e+00
3.946411132812500000e+00
3.938291788101196289e+00
3.935336828231811523e+00
3.937500476837158203e+00
3.946526288986206055e+00
3.948710918426513672e+00
3.970573902130126953e+00
3.955198764801025391e+00
3.956046104431152344e+00
3.964570760726928711e+00
3.972162723541259766e+00
3.972515344619750977e+00
3.982589244842529297e+00
4.064769744873046875e+00
3.992082357406616211e+00
3.984390974044799805e+00
3.994818210601806641e+00
3.994385242462158203e+00
3.999413490295410156e+00
4.015656948089599609e+00
4.000279426574707031e+00
4.004385471343994141e+00
4.010773181915283203e+00
4.095184803009033203e+00
4.019407272338867188e+00
4.022980213165283203e+00
4.035578727722167969e+00
4.031917572021484375e+00
4.112154006958007812e+00
4.117644309997558594e+00
4.042608737945556641e+00
4.060491561889648438e+00
4.048349380493164062e+00
4.125362873077392578e+00
4.130080223083496094e+00
4.075337409973144531e+00
4.061667442321777344e+00
4.082106590270996094e+00
4.075747013092041016e+00
4.147332191467285156e+00
4.083329200744628906e+00
4.154148578643798828e+00
4.098209381103515625e+00
4.090750217437744141e+00
4.162878036499023438e+00
4.100949287414550781e+00
4.117553710937500000e+00
4.174854278564453125e+00
4.128508090972900391e+00
4.114136695861816406e+00
4.184748172760009766e+00
4.124907016754150391e+00
4.126708030700683594e+00
4.196034908294677734e+00
4.140701293945312500e+00
4.140877723693847656e+00
4.210219860076904297e+00
4.143351554870605469e+00
4.217940330505371094e+00
4.155663490295410156e+00
4.159287452697753906e+00
4.224016189575195312e+00
4.162663459777832031e+00
4.232190132141113281e+00
4.241171836853027344e+00
4.198050975799560547e+00
4.200645446777343750e+00
4.181382179260253906e+00
4.252591133117675781e+00
4.187933921813964844e+00
4.202764511108398438e+00
4.199135780334472656e+00
4.266434669494628906e+00
4.277865409851074219e+00
4.207983016967773438e+00
4.277281284332275391e+00
4.237843990325927734e+00
4.290046215057373047e+00
4.297036647796630859e+00
4.298187732696533203e+00
4.295162677764892578e+00
4.298893451690673828e+00
4.302050113677978516e+00
4.244406223297119141e+00
4.248130321502685547e+00
4.291694641113281250e+00
4.385385036468505859e+00
4.357626914978027344e+00
4.273127555847167969e+00
4.327720165252685547e+00
4.270953178405761719e+00
4.281247615814208984e+00
4.377393245697021484e+00
4.341406345367431641e+00
4.292230129241943359e+00
4.351119041442871094e+00
4.364088535308837891e+00
4.437723159790039062e+00
4.389341354370117188e+00
4.364401817321777344e+00
4.372185230255126953e+00
4.309238433837890625e+00
4.377582550048828125e+00
4.386126518249511719e+00
4.382253646850585938e+00
4.395483970642089844e+00
4.330770015716552734e+00
4.394070148468017578e+00
4.410081386566162109e+00
4.400547981262207031e+00
4.425131797790527344e+00
4.412578105926513672e+00
4.419729232788085938e+00
4.413797378540039062e+00
4.417911052703857422e+00
4.426108360290527344e+00
4.424887180328369141e+00
4.432517528533935547e+00
4.432468414306640625e+00
4.438645839691162109e+00
4.440047264099121094e+00
4.446056842803955078e+00
4.394608497619628906e+00
4.449860095977783203e+00
4.514657497406005859e+00
4.398014068603515625e+00
4.462472915649414062e+00
4.464002132415771484e+00
4.539708137512207031e+00
4.475803852081298828e+00
4.480260848999023438e+00
4.478983879089355469e+00
4.482534408569335938e+00
4.563348770141601562e+00
4.490987300872802734e+00
4.549315929412841797e+00
4.498015880584716797e+00
4.505493164062500000e+00
4.507925033569335938e+00
4.510709762573242188e+00
4.594081878662109375e+00
4.527708053588867188e+00
4.518477916717529297e+00
4.588891983032226562e+00
4.525939464569091797e+00
4.475906372070312500e+00
4.538102626800537109e+00
4.549333095550537109e+00
4.540277481079101562e+00
4.543061256408691406e+00
4.544947147369384766e+00
4.552223205566406250e+00
4.554795742034912109e+00
4.557957172393798828e+00
4.560075283050537109e+00
4.633646488189697266e+00
4.567232608795166016e+00
4.570990085601806641e+00
4.573351383209228516e+00
4.576449871063232422e+00
4.590451717376708984e+00
4.584098815917968750e+00
4.533152103424072266e+00
4.593261718750000000e+00
4.592627525329589844e+00
4.627462863922119141e+00
4.609127998352050781e+00
4.605773448944091797e+00
4.608186721801757812e+00
4.620105266571044922e+00
4.630268096923828125e+00
4.621643543243408203e+00
4.627181529998779297e+00
4.627045154571533203e+00
4.626722812652587891e+00
4.635266304016113281e+00
4.638667583465576172e+00
4.637801647186279297e+00
4.671917438507080078e+00
4.645370483398437500e+00
4.653407573699951172e+00
4.653782367706298828e+00
4.662199497222900391e+00
4.657896041870117188e+00
4.664125442504882812e+00
4.669245243072509766e+00
4.681632995605468750e+00
4.673697948455810547e+00
4.681466579437255859e+00
4.678265094757080078e+00
4.685539245605468750e+00
4.690235137939453125e+00
4.690060138702392578e+00
4.693774223327636719e+00
4.701220035552978516e+00
4.704729557037353516e+00
4.699199199676513672e+00
4.708725929260253906e+00
4.709824562072753906e+00
4.711622714996337891e+00
4.717239379882812500e+00
4.716575622558593750e+00
4.727364540100097656e+00
4.733088970184326172e+00
4.734700679779052734e+00
4.731298923492431641e+00
4.740615844726562500e+00
4.735197544097900391e+00
4.743649959564208984e+00
4.740217685699462891e+00
4.748950481414794922e+00
4.748631954193115234e+00
4.759231090545654297e+00
4.752253055572509766e+00
4.759258747100830078e+00
4.761771678924560547e+00
4.764462947845458984e+00
4.767087936401367188e+00
4.771663665771484375e+00
4.774162769317626953e+00
4.782876491546630859e+00
4.785943984985351562e+00
4.787144660949707031e+00
4.789268970489501953e+00
4.793065547943115234e+00
4.805665493011474609e+00
4.792600631713867188e+00
4.793275833129882812e+00
4.801662921905517578e+00
4.804431438446044922e+00
4.810054779052734375e+00
4.807050228118896484e+00
4.821567535400390625e+00
