1.935726523399353027e+00
1.908565282821655273e+00
1.860893964767456055e+00
1.743237614631652832e+00
1.589442253112792969e+00
1.433322429656982422e+00
1.306263685226440430e+00
1.163937568664550781e+00
1.059721469879150391e+00
9.951814413070678711e-01
9.611360430717468262e-01
9.435002803802490234e-01
9.348874092102050781e-01
9.309536218643188477e-01
9.297320842742919922e-01
9.303169846534729004e-01
9.316769242286682129e-01
9.338172674179077148e-01
9.359620213508605957e-01
9.388506412506103516e-01
9.417625665664672852e-01
9.443979263305664062e-01
9.474563598632812500e-01
9.495455026626586914e-01
9.538766741752624512e-01
9.558187127113342285e-01
9.576458334922790527e-01
9.620738029479980469e-01
9.629735350608825684e-01
9.651343226432800293e-01
9.676308035850524902e-01
9.706018567085266113e-01
9.724897742271423340e-01
9.746905565261840820e-01
9.779734611511230469e-01
9.799499511718750000e-01
9.818520545959472656e-01
9.832347631454467773e-01
9.855499267578125000e-01
9.866191148757934570e-01
9.887762665748596191e-01
9.905790090560913086e-01
9.938671588897705078e-01
9.939675331115722656e-01
9.963046312332153320e-01
9.969112277030944824e-01
9.987052679061889648e-01
1.000267982482910156e+00
1.001235842704772949e+00
1.002696990966796875e+00
1.003358006477355957e+00
1.004859924316406250e+00
1.006171464920043945e+00
1.010438323020935059e+00
1.009811639785766602e+00
1.010104775428771973e+00
1.010327339172363281e+00
1.012214183807373047e+00
1.012416005134582520e+00
1.013229012489318848e+00
1.015877604484558105e+00
1.015219926834106445e+00
1.016317367553710938e+00
1.018140792846679688e+00
1.018470883369445801e+00
1.018277645111083984e+00
1.018521547317504883e+00
1.020471215248107910e+00
1.019720792770385742e+00
1.022157549858093262e+00
1.022359609603881836e+00
1.023342132568359375e+00
1.023704767227172852e+00
1.023753523826599121e+00
1.023856520652770996e+00
1.024017333984375000e+00
1.025199294090270996e+00
1.024029254913330078e+00
1.026184916496276855e+00
1.025950908660888672e+00
1.023955225944519043e+00
1.026720404624938965e+00
1.026366829872131348e+00
1.027602791786193848e+00
1.026988506317138672e+00
1.027665138244628906e+00
1.027420282363891602e+00
1.027966976165771484e+00
1.026206135749816895e+00
1.024585247039794922e+00
1.020273447036743164e+00
1.027164101600646973e+00
1.027253270149230957e+00
1.027727007865905762e+00
1.028435587882995605e+00
1.027242183685302734e+00
1.030218482017517090e+00
1.025939226150512695e+00
1.028455257415771484e+00
1.028793811798095703e+00
1.021328449249267578e+00
1.028668045997619629e+00
1.029265642166137695e+00
1.029901862144470215e+00
1.029657959938049316e+00
1.029677152633666992e+00
1.031301498413085938e+00
1.029675841331481934e+00
1.031341552734375000e+00
1.028323054313659668e+00
1.029749274253845215e+00
1.029755949974060059e+00
1.028531551361083984e+00
1.026159167289733887e+00
1.028826594352722168e+00
1.028890490531921387e+00
1.029765963554382324e+00
1.030494332313537598e+00
1.021457791328430176e+00
1.025032639503479004e+00
1.030025959014892578e+00
1.029586553573608398e+00
1.030449271202087402e+00
1.026829361915588379e+00
1.031704425811767578e+00
1.029686450958251953e+00
1.030110716819763184e+00
1.027150511741638184e+00
1.030816912651062012e+00
1.023406744003295898e+00
1.028075337409973145e+00
1.025144100189208984e+00
1.030799627304077148e+00
1.025960683822631836e+00
1.025495171546936035e+00
1.028704762458801270e+00
1.028419256210327148e+00
1.028366327285766602e+00
1.029943108558654785e+00
1.026809692382812500e+00
1.029129981994628906e+00
1.025511622428894043e+00
1.030508041381835938e+00
1.026699542999267578e+00
1.030471682548522949e+00
1.026700615882873535e+00
1.026621222496032715e+00
1.028650045394897461e+00
1.031087040901184082e+00
1.027531862258911133e+00
1.027692794799804688e+00
1.026198863983154297e+00
1.031430602073669434e+00
1.031842827796936035e+00
1.029137253761291504e+00
1.030378103256225586e+00
1.030051112174987793e+00
1.031045913696289062e+00
1.031083345413208008e+00
1.031100988388061523e+00
1.030050158500671387e+00
1.031014323234558105e+00
1.032830238342285156e+00
1.036095738410949707e+00
1.032318949699401855e+00
1.036906361579895020e+00
1.033733606338500977e+00
1.037882089614868164e+00
1.033711075782775879e+00
1.037725925445556641e+00
1.038921952247619629e+00
1.036744594573974609e+00
1.036064624786376953e+00
1.037743449211120605e+00
1.040980458259582520e+00
1.038685560226440430e+00
1.043211817741394043e+00
1.039033174514770508e+00
1.041145920753479004e+00
1.038139581680297852e+00
1.045334577560424805e+00
1.042569875717163086e+00
1.046954631805419922e+00
1.044392108917236328e+00
1.044324874877929688e+00
1.042616844177246094e+00
1.046106100082397461e+00
1.044433355331420898e+00
1.044429421424865723e+00
1.049641013145446777e+00
1.050565838813781738e+00
1.045866250991821289e+00
1.046379446983337402e+00
1.049517273902893066e+00
1.048435211181640625e+00
1.057235717773437500e+00
1.049286365509033203e+00
1.055368661880493164e+00
1.064153909683227539e+00
1.053086042404174805e+00
1.048894047737121582e+00
1.057916998863220215e+00
1.053114295005798340e+00
1.056340694427490234e+00
1.062546491622924805e+00
1.054332256317138672e+00
1.061201930046081543e+00
1.053766965866088867e+00
1.055220127105712891e+00
1.055277466773986816e+00
1.059531092643737793e+00
1.057387709617614746e+00
1.062241911888122559e+00
1.088805198669433594e+00
1.063254833221435547e+00
1.069388508796691895e+00
1.075260877609252930e+00
1.067233324050903320e+00
1.070569634437561035e+00
1.076122879981994629e+00
1.092250108718872070e+00
1.067051529884338379e+00
1.068104386329650879e+00
1.065454483032226562e+00
1.084396958351135254e+00
1.069794774055480957e+00
1.072834730148315430e+00
1.067014455795288086e+00
1.086930394172668457e+00
1.068176865577697754e+00
1.069688916206359863e+00
1.072674751281738281e+00
1.081053376197814941e+00
1.085017681121826172e+00
1.077679753303527832e+00
1.077313661575317383e+00
1.077287316322326660e+00
1.097573637962341309e+00
1.073078155517578125e+00
1.076935529708862305e+00
1.105026960372924805e+00
1.094129681587219238e+00
1.091062188148498535e+00
1.076264142990112305e+00
1.083833456039428711e+00
1.099967837333679199e+00
1.084056735038757324e+00
1.081080675125122070e+00
1.082516670227050781e+00
1.094917654991149902e+00
1.085627913475036621e+00
1.096547484397888184e+00
1.096528172492980957e+00
1.087951660156250000e+00
1.090978741645812988e+00
1.085040092468261719e+00
1.098371148109436035e+00
1.087254524230957031e+00
1.120855212211608887e+00
1.088535785675048828e+00
1.089155793190002441e+00
1.089505195617675781e+00
1.109395861625671387e+00
1.091455340385437012e+00
1.100514650344848633e+00
1.089612603187561035e+00
1.092561721801757812e+00
1.091004848480224609e+00
1.089885830879211426e+00
1.099254608154296875e+00
1.089574456214904785e+00
1.100727438926696777e+00
1.104420661926269531e+00
1.099003076553344727e+00
1.103170990943908691e+00
1.096925139427185059e+00
1.123104333877563477e+00
1.095008850097656250e+00
1.109461307525634766e+00
1.098657011985778809e+00
1.094306588172912598e+00
1.097199559211730957e+00
1.105655074119567871e+00
1.112710118293762207e+00
1.105380415916442871e+00
1.112398624420166016e+00
1.117762565612792969e+00
1.132030367851257324e+00
1.104784846305847168e+00
1.116208553314208984e+00
1.106846451759338379e+00
1.107919216156005859e+00
1.111356496810913086e+00
1.113710522651672363e+00
1.110943794250488281e+00
1.104606032371520996e+00
1.103558301925659180e+00
1.103390574455261230e+00
1.111553072929382324e+00
1.102067589759826660e+00
