1.253508567810058594e+00
1.245847105979919434e+00
1.237335681915283203e+00
1.230094552040100098e+00
1.222513556480407715e+00
1.214836478233337402e+00
1.207030653953552246e+00
1.200283885002136230e+00
1.192548871040344238e+00
1.185469031333923340e+00
1.178289294242858887e+00
1.171255230903625488e+00
1.164307713508605957e+00
1.157257437705993652e+00
1.150484204292297363e+00
1.143549680709838867e+00
1.137007951736450195e+00
1.130355358123779297e+00
1.123938798904418945e+00
1.117425918579101562e+00
1.110929250717163086e+00
1.104681015014648438e+00
1.098674416542053223e+00
1.092739701271057129e+00
1.086587309837341309e+00
1.080997109413146973e+00
1.075230479240417480e+00
1.069414138793945312e+00
1.064076900482177734e+00
1.058172345161437988e+00
1.052573680877685547e+00
1.047377228736877441e+00
1.042613387107849121e+00
1.037328839302062988e+00
1.032571077346801758e+00
1.027914881706237793e+00
1.023153305053710938e+00
1.018165946006774902e+00
1.013718247413635254e+00
1.009453892707824707e+00
1.005285501480102539e+00
1.000212788581848145e+00
9.963234663009643555e-01
9.923171401023864746e-01
9.882457256317138672e-01
9.847119450569152832e-01
9.808838963508605957e-01
9.774469733238220215e-01
9.739446640014648438e-01
9.706889986991882324e-01
9.688867330551147461e-01
9.644093513488769531e-01
9.648535847663879395e-01
9.589898586273193359e-01
9.567999839782714844e-01
9.559480547904968262e-01
9.514252543449401855e-01
9.503962397575378418e-01
9.466664791107177734e-01
9.451198577880859375e-01
9.432933926582336426e-01
9.404426813125610352e-01
9.391946792602539062e-01
9.379730820655822754e-01
9.364172816276550293e-01
9.358031153678894043e-01
9.372037053108215332e-01
9.340116977691650391e-01
9.333275556564331055e-01
9.356635808944702148e-01
9.345974326133728027e-01
9.354442954063415527e-01
9.328097701072692871e-01
9.337816834449768066e-01
9.329110383987426758e-01
9.321311712265014648e-01
9.339653849601745605e-01
9.344775676727294922e-01
9.422699213027954102e-01
9.393938779830932617e-01
9.381899237632751465e-01
9.408825635910034180e-01
9.415203332901000977e-01
9.437624216079711914e-01
9.437796473503112793e-01
9.459847807884216309e-01
9.497542977333068848e-01
9.517846107482910156e-01
9.531107544898986816e-01
9.541260004043579102e-01
9.598885178565979004e-01
9.625850915908813477e-01
9.666752815246582031e-01
9.650145173072814941e-01
9.745011925697326660e-01
9.809259176254272461e-01
9.832901954650878906e-01
9.880568385124206543e-01
9.929168224334716797e-01
9.984881281852722168e-01
1.003438830375671387e+00
1.008143544197082520e+00
1.013887286186218262e+00
1.017992496490478516e+00
1.025734066963195801e+00
1.032648682594299316e+00
1.042520880699157715e+00
1.049298644065856934e+00
1.054681062698364258e+00
1.062601327896118164e+00
1.067726254463195801e+00
1.075236678123474121e+00
1.084928274154663086e+00
1.102704524993896484e+00
1.101464986801147461e+00
1.117523550987243652e+00
1.121085524559020996e+00
1.125202059745788574e+00
1.136808276176452637e+00
1.149813055992126465e+00
1.163503766059875488e+00
1.173331618309020996e+00
1.187406539916992188e+00
1.187484145164489746e+00
1.104715824127197266e+00
1.214345812797546387e+00
1.225715875625610352e+00
1.236591458320617676e+00
1.257941126823425293e+00
1.262748479843139648e+00
1.273485898971557617e+00
1.277830719947814941e+00
1.297346115112304688e+00
1.311135768890380859e+00
1.332010507583618164e+00
1.344758868217468262e+00
1.354555249214172363e+00
1.373511433601379395e+00
1.189583897590637207e+00
1.405252099037170410e+00
1.418070316314697266e+00
1.438348889350891113e+00
1.452152371406555176e+00
1.470370531082153320e+00
1.479192256927490234e+00
1.500664114952087402e+00
1.525381922721862793e+00
1.539450168609619141e+00
1.556393980979919434e+00
1.575270533561706543e+00
1.310268521308898926e+00
1.282027482986450195e+00
1.633367657661437988e+00
1.662185192108154297e+00
1.675813913345336914e+00
1.697140097618103027e+00
1.717799901962280273e+00
1.687770128250122070e+00
1.762989997863769531e+00
1.792042136192321777e+00
1.719505786895751953e+00
1.850567221641540527e+00
1.614669203758239746e+00
1.885401129722595215e+00
1.909978270530700684e+00
1.949255704879760742e+00
1.964572310447692871e+00
1.983672022819519043e+00
2.019293308258056641e+00
2.036366701126098633e+00
2.074074268341064453e+00
2.089416027069091797e+00
2.126494646072387695e+00
2.163634300231933594e+00
2.186112403869628906e+00
2.221700191497802734e+00
2.240027189254760742e+00
2.267170429229736328e+00
2.301143407821655273e+00
2.237659215927124023e+00
2.303509712219238281e+00
2.407052755355834961e+00
2.369320631027221680e+00
2.493035554885864258e+00
2.517073869705200195e+00
2.530532598495483398e+00
2.536856174468994141e+00
2.601206064224243164e+00
2.634496688842773438e+00
2.692033767700195312e+00
2.675806045532226562e+00
2.746317148208618164e+00
2.782435178756713867e+00
2.836985349655151367e+00
2.874051332473754883e+00
2.864338874816894531e+00
2.945201158523559570e+00
2.991163730621337891e+00
3.043165206909179688e+00
3.065901279449462891e+00
3.112279415130615234e+00
3.160213947296142578e+00
3.208011150360107422e+00
3.244437694549560547e+00
3.288176059722900391e+00
3.342719316482543945e+00
3.372886180877685547e+00
3.433807849884033203e+00
3.473633289337158203e+00
3.513796091079711914e+00
3.561870574951171875e+00
3.616830348968505859e+00
3.663230895996093750e+00
3.727012157440185547e+00
3.757761240005493164e+00
3.840334892272949219e+00
3.867072820663452148e+00
3.929504871368408203e+00
3.981212615966796875e+00
4.029449462890625000e+00
4.080007553100585938e+00
4.132462501525878906e+00
4.195421218872070312e+00
4.270807266235351562e+00
4.326858043670654297e+00
4.400400161743164062e+00
4.439867019653320312e+00
4.490001678466796875e+00
4.568254947662353516e+00
4.621614933013916016e+00
4.666648864746093750e+00
4.759523868560791016e+00
4.797787666320800781e+00
4.877418994903564453e+00
4.937766551971435547e+00
5.021535396575927734e+00
5.063771724700927734e+00
5.144797801971435547e+00
5.206840515136718750e+00
5.276815414428710938e+00
5.344655990600585938e+00
5.434288501739501953e+00
5.497403144836425781e+00
5.565766811370849609e+00
5.639471054077148438e+00
5.714574813842773438e+00
5.791755676269531250e+00
5.871715545654296875e+00
5.950150966644287109e+00
6.029693603515625000e+00
6.111773967742919922e+00
6.205500125885009766e+00
6.273346424102783203e+00
6.364477157592773438e+00
6.446495056152343750e+00
6.527872562408447266e+00
6.615643978118896484e+00
6.713978767395019531e+00
6.822058677673339844e+00
6.893902778625488281e+00
6.982699394226074219e+00
7.073826313018798828e+00
7.171804428100585938e+00
7.263744831085205078e+00
7.359766006469726562e+00
7.450588226318359375e+00
7.557666301727294922e+00
7.647925853729248047e+00
7.745105743408203125e+00
7.849410057067871094e+00
7.955500125885009766e+00
8.059940338134765625e+00
8.156508445739746094e+00
8.260156631469726562e+00
8.366987228393554688e+00
8.473295211791992188e+00
8.582988739013671875e+00
8.705032348632812500e+00
8.814120292663574219e+00
8.919205665588378906e+00
9.041634559631347656e+00
9.149303436279296875e+00
9.279942512512207031e+00
9.385951995849609375e+00
9.515165328979492188e+00
9.631936073303222656e+00
9.758575439453125000e+00
9.884519577026367188e+00
1.000579166412353516e+01
1.012169933319091797e+01
1.026111698150634766e+01
1.038646888732910156e+01
1.051545333862304688e+01
1.064616107940673828e+01
1.078841018676757812e+01
1.091543006896972656e+01
1.106062793731689453e+01
1.119284152984619141e+01
1.133497619628906250e+01
1.146465015411376953e+01
