1.317051410675048828e+00
1.316471576690673828e+00
1.317278861999511719e+00
1.316539049148559570e+00
1.315829634666442871e+00
1.313483953475952148e+00
1.313213348388671875e+00
1.312768816947937012e+00
1.311658501625061035e+00
1.309780001640319824e+00
1.308550000190734863e+00
1.306151270866394043e+00
1.304840326309204102e+00
1.304178595542907715e+00
1.303136110305786133e+00
1.304353952407836914e+00
1.301417589187622070e+00
1.300576925277709961e+00
1.299430727958679199e+00
1.296966314315795898e+00
1.295144319534301758e+00
1.295205354690551758e+00
1.293987989425659180e+00
1.292907834053039551e+00
1.291710495948791504e+00
1.289682865142822266e+00
1.288789510726928711e+00
1.287992358207702637e+00
1.285817861557006836e+00
1.283515453338623047e+00
1.282613039016723633e+00
1.282094120979309082e+00
1.281482696533203125e+00
1.280942916870117188e+00
1.277397274971008301e+00
1.278844118118286133e+00
1.276163816452026367e+00
1.273892164230346680e+00
1.274525046348571777e+00
1.272075653076171875e+00
1.271762132644653320e+00
1.268977284431457520e+00
1.265209197998046875e+00
1.267043232917785645e+00
1.265825629234313965e+00
1.264203548431396484e+00
1.262528657913208008e+00
1.261070013046264648e+00
1.257542371749877930e+00
1.255649209022521973e+00
1.254736423492431641e+00
1.253097891807556152e+00
1.251429557800292969e+00
1.250867009162902832e+00
1.248008370399475098e+00
1.247461795806884766e+00
1.245264887809753418e+00
1.243808627128601074e+00
1.243264079093933105e+00
1.239501476287841797e+00
1.239157676696777344e+00
1.236809015274047852e+00
1.233968138694763184e+00
1.233080744743347168e+00
1.229691386222839355e+00
1.227620482444763184e+00
1.227420330047607422e+00
1.224895954132080078e+00
1.224458098411560059e+00
1.220300793647766113e+00
1.218909502029418945e+00
1.216085553169250488e+00
1.214025139808654785e+00
1.212437987327575684e+00
1.212108612060546875e+00
1.208091378211975098e+00
1.207621574401855469e+00
1.203802466392517090e+00
1.201076149940490723e+00
1.199755787849426270e+00
1.198164820671081543e+00
1.195996403694152832e+00
1.193449139595031738e+00
1.191725850105285645e+00
1.188467621803283691e+00
1.186476588249206543e+00
1.184456229209899902e+00
1.182331919670104980e+00
1.181067466735839844e+00
1.177937626838684082e+00
1.173027873039245605e+00
1.170382022857666016e+00
1.169425487518310547e+00
1.166309118270874023e+00
1.163709282875061035e+00
1.161170840263366699e+00
1.157761216163635254e+00
1.155034184455871582e+00
1.152954220771789551e+00
1.149004578590393066e+00
1.145769238471984863e+00
1.144231796264648438e+00
1.141245841979980469e+00
1.138887286186218262e+00
1.134057283401489258e+00
1.131697177886962891e+00
1.128475904464721680e+00
1.125662922859191895e+00
1.122991919517517090e+00
1.118600606918334961e+00
1.117219448089599609e+00
1.114089369773864746e+00
1.109950304031372070e+00
1.105832695960998535e+00
1.102932214736938477e+00
1.098776936531066895e+00
1.094304800033569336e+00
1.091073989868164062e+00
1.086693882942199707e+00
1.083031296730041504e+00
1.079029440879821777e+00
1.075665712356567383e+00
1.071370244026184082e+00
1.067891240119934082e+00
1.063984870910644531e+00
1.060107469558715820e+00
1.055720806121826172e+00
1.052334666252136230e+00
1.047571063041687012e+00
1.043221592903137207e+00
1.039042830467224121e+00
1.035104036331176758e+00
1.030815839767456055e+00
1.026256799697875977e+00
1.021707653999328613e+00
1.017681360244750977e+00
1.013059139251708984e+00
1.007981300354003906e+00
1.003302812576293945e+00
9.985840916633605957e-01
9.937850832939147949e-01
9.889466762542724609e-01
9.843984246253967285e-01
9.794011712074279785e-01
9.748111367225646973e-01
9.696184992790222168e-01
9.649905562400817871e-01
9.607972502708435059e-01
9.571330547332763672e-01
9.552207589149475098e-01
9.503594040870666504e-01
9.473366737365722656e-01
9.449063539505004883e-01
9.421129822731018066e-01
9.399725198745727539e-01
9.381534457206726074e-01
9.362305998802185059e-01
9.347248077392578125e-01
9.330686926841735840e-01
9.322521090507507324e-01
9.312021136283874512e-01
9.304242134094238281e-01
9.297688007354736328e-01
9.296434521675109863e-01
9.297555088996887207e-01
9.302385449409484863e-01
9.306345582008361816e-01
9.312499761581420898e-01
9.319698810577392578e-01
9.330441951751708984e-01
9.342391490936279297e-01
9.356502294540405273e-01
9.371386766433715820e-01
9.390727877616882324e-01
9.410873651504516602e-01
9.433138370513916016e-01
9.457164406776428223e-01
9.486250877380371094e-01
9.513197541236877441e-01
9.553167223930358887e-01
9.584558010101318359e-01
9.617746472358703613e-01
9.658424258232116699e-01
9.697505235671997070e-01
9.740974307060241699e-01
9.785578846931457520e-01
9.828018546104431152e-01
9.876457452774047852e-01
9.929099678993225098e-01
9.982081055641174316e-01
1.003841161727905273e+00
1.009733438491821289e+00
1.015885591506958008e+00
1.021971940994262695e+00
1.028247833251953125e+00
1.035122871398925781e+00
1.041839718818664551e+00
1.048778295516967773e+00
1.055499076843261719e+00
1.063525795936584473e+00
1.071684718132019043e+00
1.080018162727355957e+00
1.087262511253356934e+00
1.094752192497253418e+00
1.104715228080749512e+00
1.113030433654785156e+00
1.122857213020324707e+00
1.131599307060241699e+00
1.139082670211791992e+00
1.149715662002563477e+00
1.158074378967285156e+00
1.170249104499816895e+00
1.180349946022033691e+00
1.187598824501037598e+00
1.197744250297546387e+00
1.208668231964111328e+00
1.218695044517517090e+00
1.229052305221557617e+00
1.240482926368713379e+00
1.250999569892883301e+00
1.264624953269958496e+00
1.273202896118164062e+00
1.285496711730957031e+00
1.296409368515014648e+00
1.308370590209960938e+00
1.318572044372558594e+00
1.328916192054748535e+00
1.340351819992065430e+00
1.353135943412780762e+00
1.364064455032348633e+00
1.375361800193786621e+00
1.386646032333374023e+00
1.400861501693725586e+00
1.410015106201171875e+00
1.421326875686645508e+00
1.432995796203613281e+00
1.444331884384155273e+00
1.456328988075256348e+00
1.468278050422668457e+00
1.478825688362121582e+00
1.489984750747680664e+00
1.501324295997619629e+00
1.515278100967407227e+00
1.523516774177551270e+00
1.534788012504577637e+00
1.548985719680786133e+00
1.558202981948852539e+00
1.568449974060058594e+00
1.577982664108276367e+00
1.589166760444641113e+00
1.599145770072937012e+00
1.609007716178894043e+00
1.620181083679199219e+00
1.630214214324951172e+00
1.638965487480163574e+00
1.649484872817993164e+00
1.659189701080322266e+00
1.667796850204467773e+00
1.676651000976562500e+00
1.685855746269226074e+00
1.696836113929748535e+00
1.701700091361999512e+00
1.712616324424743652e+00
1.720525860786437988e+00
1.733868122100830078e+00
1.734731674194335938e+00
1.744140863418579102e+00
1.751754760742187500e+00
1.756513595581054688e+00
1.765920400619506836e+00
1.769787907600402832e+00
1.779233098030090332e+00
1.785252451896667480e+00
1.790522336959838867e+00
1.793351888656616211e+00
1.801447153091430664e+00
1.816319704055786133e+00
1.814340949058532715e+00
1.824508190155029297e+00
1.830692529678344727e+00
1.830506682395935059e+00
1.839087724685668945e+00
1.842848420143127441e+00
1.849025368690490723e+00
1.848573565483093262e+00
1.854808688163757324e+00
1.861262917518615723e+00
1.869825243949890137e+00
1.865136504173278809e+00
1.870724797248840332e+00
1.876857280731201172e+00
1.881791472434997559e+00
1.880798697471618652e+00
1.888671278953552246e+00
1.889673471450805664e+00
1.889607071876525879e+00
1.898302316665649414e+00
1.938007116317749023e+00
1.942890286445617676e+00
1.945125937461853027e+00
