3.759470939636230469e+00
7.785173416137695312e+00
3.842156410217285156e+00
3.803568363189697266e+00
3.725317716598510742e+00
3.726136922836303711e+00
3.729703187942504883e+00
3.720466852188110352e+00
3.719927310943603516e+00
3.719151258468627930e+00
3.720710515975952148e+00
3.723725318908691406e+00
3.723163366317749023e+00
3.725035667419433594e+00
3.725668907165527344e+00
3.727025508880615234e+00
3.736966371536254883e+00
3.736712217330932617e+00
3.747942209243774414e+00
3.744850158691406250e+00
3.748587131500244141e+00
3.748748064041137695e+00
3.753525972366333008e+00
3.759885787963867188e+00
3.759847640991210938e+00
3.765158891677856445e+00
3.765604257583618164e+00
3.771161556243896484e+00
3.998569250106811523e+00
3.775970220565795898e+00
3.779069662094116211e+00
3.780210256576538086e+00
3.785267591476440430e+00
3.790732622146606445e+00
3.790572643280029297e+00
3.990195274353027344e+00
3.796490192413330078e+00
3.799472570419311523e+00
3.803089618682861328e+00
3.990422248840332031e+00
3.810161113739013672e+00
3.815181732177734375e+00
3.825387716293334961e+00
3.819885969161987305e+00
3.823284387588500977e+00
3.825928688049316406e+00
3.996359109878540039e+00
3.832530021667480469e+00
3.836592912673950195e+00
3.841325759887695312e+00
4.001316547393798828e+00
3.842813253402709961e+00
3.854650974273681641e+00
3.851799011230468750e+00
3.855720520019531250e+00
4.015291690826416016e+00
3.861871242523193359e+00
3.864529371261596680e+00
3.872019767761230469e+00
3.872324943542480469e+00
3.878477811813354492e+00
3.881824731826782227e+00
4.029046535491943359e+00
4.026980876922607422e+00
3.897036790847778320e+00
4.034684658050537109e+00
3.896103143692016602e+00
3.903743028640747070e+00
4.046726703643798828e+00
4.041910648345947266e+00
4.046725273132324219e+00
4.053351879119873047e+00
3.921097993850708008e+00
3.922484397888183594e+00
3.922887563705444336e+00
4.062459468841552734e+00
3.931464672088623047e+00
3.936674118041992188e+00
3.938218832015991211e+00
3.940570592880249023e+00
3.946650505065917969e+00
3.945113897323608398e+00
3.951728582382202148e+00
4.080639362335205078e+00
3.956846952438354492e+00
4.084311008453369141e+00
4.094664096832275391e+00
3.966682910919189453e+00
3.968904018402099609e+00
3.973236083984375000e+00
4.102001190185546875e+00
3.980713844299316406e+00
4.109814643859863281e+00
4.117317199707031250e+00
4.120373725891113281e+00
3.997638463973999023e+00
4.000991821289062500e+00
4.005371570587158203e+00
4.130129814147949219e+00
4.010915279388427734e+00
4.013108253479003906e+00
4.015102863311767578e+00
4.018656253814697266e+00
4.143978118896484375e+00
4.026502609252929688e+00
4.155704975128173828e+00
4.160071849822998047e+00
4.038933753967285156e+00
4.038068771362304688e+00
4.045580387115478516e+00
4.104882717132568359e+00
4.048413276672363281e+00
4.076890945434570312e+00
4.056194782257080078e+00
4.057627677917480469e+00
4.166844844818115234e+00
4.064355373382568359e+00
4.067564964294433594e+00
4.070656776428222656e+00
4.201486110687255859e+00
4.079031944274902344e+00
4.081192970275878906e+00
4.086089611053466797e+00
4.088416099548339844e+00
4.092430591583251953e+00
4.212956905364990234e+00
4.192388057708740234e+00
4.115001678466796875e+00
4.110613346099853516e+00
4.108112335205078125e+00
4.113525390625000000e+00
4.113911151885986328e+00
4.118382453918457031e+00
4.186264514923095703e+00
4.159809589385986328e+00
4.127064228057861328e+00
4.137705326080322266e+00
4.133483886718750000e+00
4.145230770111083984e+00
4.139955997467041016e+00
4.143589019775390625e+00
4.148142337799072266e+00
4.278948783874511719e+00
4.178110599517822266e+00
4.166668415069580078e+00
4.159148216247558594e+00
4.162775993347167969e+00
4.178579330444335938e+00
4.175062656402587891e+00
4.180593967437744141e+00
4.176789760589599609e+00
4.186762809753417969e+00
4.189684391021728516e+00
4.237719058990478516e+00
4.190522670745849609e+00
4.200881958007812500e+00
4.241489410400390625e+00
4.207149982452392578e+00
4.209937095642089844e+00
4.231333732604980469e+00
4.254116535186767578e+00
4.215976715087890625e+00
4.220710277557373047e+00
4.233973503112792969e+00
4.224394798278808594e+00
4.232906818389892578e+00
4.277027130126953125e+00
4.234917640686035156e+00
4.247559070587158203e+00
4.291292667388916016e+00
4.245681285858154297e+00
4.244484424591064453e+00
4.259332180023193359e+00
4.259915828704833984e+00
4.254662036895751953e+00
4.258282184600830078e+00
4.261776447296142578e+00
4.265275478363037109e+00
4.303839683532714844e+00
4.274187564849853516e+00
4.289496421813964844e+00
4.297074794769287109e+00
4.279246807098388672e+00
4.287378311157226562e+00
4.289098262786865234e+00
4.292733192443847656e+00
4.290574073791503906e+00
4.299038887023925781e+00
4.300896167755126953e+00
4.299568653106689453e+00
4.322336196899414062e+00
4.323458671569824219e+00
4.339394092559814453e+00
4.314320564270019531e+00
4.328734397888183594e+00
4.326401710510253906e+00
4.322277545928955078e+00
4.330240726470947266e+00
4.342550277709960938e+00
4.330657958984375000e+00
4.332245349884033203e+00
4.352834224700927734e+00
4.336749553680419922e+00
4.347215652465820312e+00
4.345804214477539062e+00
4.351567745208740234e+00
4.348151683807373047e+00
4.355210781097412109e+00
4.363318443298339844e+00
4.358650684356689453e+00
4.360504150390625000e+00
4.372732639312744141e+00
4.367567062377929688e+00
4.368822097778320312e+00
4.384515762329101562e+00
4.386546611785888672e+00
4.377603530883789062e+00
4.399544715881347656e+00
4.383294582366943359e+00
4.387920379638671875e+00
4.388228893280029297e+00
4.394041538238525391e+00
4.415213584899902344e+00
4.397299289703369141e+00
4.405126094818115234e+00
4.403025627136230469e+00
4.407401561737060547e+00
4.420713424682617188e+00
4.419967174530029297e+00
4.431207180023193359e+00
4.414872646331787109e+00
4.417355537414550781e+00
4.420521736145019531e+00
4.424321174621582031e+00
4.424644470214843750e+00
4.441253662109375000e+00
4.431635379791259766e+00
4.435195922851562500e+00
4.436833858489990234e+00
4.437469005584716797e+00
4.441862583160400391e+00
4.446684837341308594e+00
4.443742752075195312e+00
4.446426391601562500e+00
4.452425479888916016e+00
4.457595348358154297e+00
4.458353042602539062e+00
4.464050769805908203e+00
4.462789535522460938e+00
4.466887474060058594e+00
4.464372158050537109e+00
4.491047859191894531e+00
4.482333183288574219e+00
4.479818344116210938e+00
4.476540088653564453e+00
4.478678703308105469e+00
4.479661464691162109e+00
4.495708942413330078e+00
4.485988140106201172e+00
4.489565849304199219e+00
4.489458084106445312e+00
4.491420745849609375e+00
4.503878116607666016e+00
4.497192859649658203e+00
4.509453773498535156e+00
4.502243995666503906e+00
4.508629322052001953e+00
4.506673812866210938e+00
4.522270202636718750e+00
4.516746520996093750e+00
4.535102844238281250e+00
4.525049209594726562e+00
4.520045280456542969e+00
4.520816326141357422e+00
4.523846149444580078e+00
4.530148983001708984e+00
4.527795314788818359e+00
4.533586502075195312e+00
4.542189121246337891e+00
4.537069320678710938e+00
4.541252136230468750e+00
4.542611598968505859e+00
4.543741226196289062e+00
4.544596672058105469e+00
4.551582336425781250e+00
4.548008918762207031e+00
4.553628921508789062e+00
4.563375949859619141e+00
4.558130264282226562e+00
4.558979511260986328e+00
4.560893058776855469e+00
4.566130161285400391e+00
4.569036483764648438e+00
4.574863910675048828e+00
4.570865154266357422e+00
4.572687625885009766e+00
4.574421405792236328e+00
4.578267574310302734e+00
4.580376625061035156e+00
4.580074787139892578e+00
