7.741899967193603516e+00
7.588304042816162109e+00
7.422194957733154297e+00
7.299865245819091797e+00
7.117118835449218750e+00
6.999606132507324219e+00
6.836141109466552734e+00
6.728089332580566406e+00
6.552594184875488281e+00
6.441850185394287109e+00
6.325464725494384766e+00
6.185366630554199219e+00
6.084980964660644531e+00
5.962481021881103516e+00
5.814800262451171875e+00
5.734749317169189453e+00
5.608616828918457031e+00
5.515987396240234375e+00
5.400362014770507812e+00
5.298281669616699219e+00
5.201943397521972656e+00
5.100976943969726562e+00
5.022210121154785156e+00
4.922243118286132812e+00
4.841655731201171875e+00
4.770255088806152344e+00
4.688839912414550781e+00
4.621253490447998047e+00
4.548382759094238281e+00
4.484931468963623047e+00
4.436124801635742188e+00
4.379355430603027344e+00
4.311493396759033203e+00
4.258419513702392578e+00
4.215787887573242188e+00
4.164580821990966797e+00
4.133682727813720703e+00
4.092148303985595703e+00
4.046997070312500000e+00
4.010047435760498047e+00
3.990940809249877930e+00
3.947177410125732422e+00
3.932444572448730469e+00
3.904556274414062500e+00
3.905036687850952148e+00
3.864258289337158203e+00
3.842609643936157227e+00
3.830359220504760742e+00
3.821137666702270508e+00
3.824283361434936523e+00
3.805301427841186523e+00
3.785273075103759766e+00
3.784344196319580078e+00
3.769634723663330078e+00
3.775697708129882812e+00
3.761890888214111328e+00
3.755993604660034180e+00
3.748902320861816406e+00
3.749977111816406250e+00
3.741454124450683594e+00
3.736649513244628906e+00
3.743595838546752930e+00
3.741248130798339844e+00
3.746055126190185547e+00
3.726999521255493164e+00
3.731677293777465820e+00
3.728500366210937500e+00
3.728936195373535156e+00
3.719206571578979492e+00
3.741246938705444336e+00
3.743707656860351562e+00
3.737902641296386719e+00
3.741726875305175781e+00
3.766587495803833008e+00
3.750167846679687500e+00
3.766339778900146484e+00
3.767379283905029297e+00
3.776051521301269531e+00
3.788427352905273438e+00
3.781032085418701172e+00
3.801097154617309570e+00
3.794576883316040039e+00
3.808204174041748047e+00
3.821624279022216797e+00
3.812233686447143555e+00
3.843213558197021484e+00
3.842895984649658203e+00
3.859385967254638672e+00
3.870526075363159180e+00
3.869600057601928711e+00
3.880750656127929688e+00
3.898628473281860352e+00
3.916597127914428711e+00
3.935526132583618164e+00
3.945868730545043945e+00
3.943240880966186523e+00
3.974465131759643555e+00
4.363372325897216797e+00
3.983721494674682617e+00
4.019551277160644531e+00
4.011664390563964844e+00
4.044807434082031250e+00
4.052988529205322266e+00
4.080102443695068359e+00
4.096441745758056641e+00
4.100778102874755859e+00
4.135269165039062500e+00
4.480073928833007812e+00
4.169335365295410156e+00
4.179817199707031250e+00
4.222812175750732422e+00
4.524085998535156250e+00
4.292973518371582031e+00
4.291003227233886719e+00
4.307307243347167969e+00
4.335102558135986328e+00
4.348315238952636719e+00
4.381040096282958984e+00
4.412911415100097656e+00
4.607887268066406250e+00
4.616384029388427734e+00
4.476567745208740234e+00
4.630527019500732422e+00
4.524057865142822266e+00
4.565036296844482422e+00
4.592883110046386719e+00
4.659226417541503906e+00
4.674698352813720703e+00
4.670518875122070312e+00
4.678236961364746094e+00
4.679275512695312500e+00
4.683556079864501953e+00
4.692219257354736328e+00
4.698462963104248047e+00
4.914963722229003906e+00
4.710972785949707031e+00
4.717599391937255859e+00
4.720742225646972656e+00
4.728306293487548828e+00
4.740411758422851562e+00
4.740539550781250000e+00
4.755056858062744141e+00
5.188040256500244141e+00
5.230228900909423828e+00
4.768696784973144531e+00
5.292623996734619141e+00
4.789440631866455078e+00
4.793944835662841797e+00
4.806056976318359375e+00
4.812655448913574219e+00
4.823338508605957031e+00
5.516933917999267578e+00
4.845021724700927734e+00
4.861667633056640625e+00
4.867666721343994141e+00
4.881352424621582031e+00
4.913675308227539062e+00
4.913288116455078125e+00
4.926658630371093750e+00
4.946765422821044922e+00
4.966813087463378906e+00
4.992790699005126953e+00
5.002523422241210938e+00
5.017620086669921875e+00
5.036375999450683594e+00
5.062578201293945312e+00
5.070859432220458984e+00
5.095042705535888672e+00
5.108353137969970703e+00
5.133546829223632812e+00
5.149170875549316406e+00
5.169723510742187500e+00
5.188490390777587891e+00
5.213909626007080078e+00
5.232825279235839844e+00
5.259173870086669922e+00
5.283855915069580078e+00
5.303432941436767578e+00
5.323487281799316406e+00
5.346343517303466797e+00
5.367907524108886719e+00
5.390285491943359375e+00
5.418606281280517578e+00
5.443370342254638672e+00
5.461689472198486328e+00
5.490890979766845703e+00
5.510645866394042969e+00
5.534702301025390625e+00
5.556990146636962891e+00
5.585255622863769531e+00
5.606430530548095703e+00
5.630956649780273438e+00
5.652555942535400391e+00
7.753556251525878906e+00
7.742282390594482422e+00
5.725335121154785156e+00
5.752845287322998047e+00
5.770808219909667969e+00
5.796686649322509766e+00
5.823127269744873047e+00
5.842994213104248047e+00
7.677308082580566406e+00
5.898935794830322266e+00
7.745368003845214844e+00
5.938204288482666016e+00
7.748001098632812500e+00
5.988278865814208984e+00
6.010123729705810547e+00
6.034126758575439453e+00
7.743762969970703125e+00
6.080541610717773438e+00
7.743062973022460938e+00
7.743532180786132812e+00
6.147667407989501953e+00
6.169985771179199219e+00
7.739758491516113281e+00
7.742658138275146484e+00
7.744151592254638672e+00
6.258281230926513672e+00
6.280758857727050781e+00
6.302715301513671875e+00
7.739177703857421875e+00
7.738931179046630859e+00
7.747633934020996094e+00
7.740822792053222656e+00
6.414939403533935547e+00
7.700585842132568359e+00
7.737924575805664062e+00
7.744259834289550781e+00
7.742345809936523438e+00
7.743164062500000000e+00
7.739168167114257812e+00
7.744570732116699219e+00
7.745005607604980469e+00
6.606308460235595703e+00
7.744931697845458984e+00
6.644680023193359375e+00
7.740480899810791016e+00
7.739428043365478516e+00
7.743213176727294922e+00
7.741983413696289062e+00
7.753211975097656250e+00
7.740063190460205078e+00
7.745416164398193359e+00
7.752441406250000000e+00
7.756176948547363281e+00
7.743457317352294922e+00
7.741082191467285156e+00
7.747740268707275391e+00
7.736764907836914062e+00
7.740521907806396484e+00
7.741708755493164062e+00
7.744384288787841797e+00
7.746223449707031250e+00
7.740127563476562500e+00
7.744614601135253906e+00
7.746195316314697266e+00
7.744040012359619141e+00
7.740957736968994141e+00
7.741715431213378906e+00
7.748594284057617188e+00
7.740871429443359375e+00
7.740260124206542969e+00
7.746592998504638672e+00
7.737644672393798828e+00
7.745039939880371094e+00
7.739698410034179688e+00
7.739218235015869141e+00
7.741931915283203125e+00
7.739965438842773438e+00
7.739997863769531250e+00
7.737442493438720703e+00
7.740065574645996094e+00
7.741537094116210938e+00
7.744126319885253906e+00
7.743732929229736328e+00
7.741689682006835938e+00
7.741506099700927734e+00
7.738598823547363281e+00
7.741401672363281250e+00
7.745470046997070312e+00
7.742194175720214844e+00
7.743502140045166016e+00
7.745658397674560547e+00
7.753429412841796875e+00
7.739001274108886719e+00
7.741341114044189453e+00
7.741935729980468750e+00
7.741384983062744141e+00
7.740985870361328125e+00
7.740304946899414062e+00
7.747106075286865234e+00
7.743523597717285156e+00
7.739434719085693359e+00
7.743496894836425781e+00
7.742005348205566406e+00
7.741523742675781250e+00
7.745716094970703125e+00
7.742315769195556641e+00
7.743645668029785156e+00
