4.031641483306884766e+00
4.009496212005615234e+00
3.995166063308715820e+00
3.975161552429199219e+00
3.962039232254028320e+00
3.940498590469360352e+00
3.933993339538574219e+00
3.915775775909423828e+00
3.903230905532836914e+00
3.888910293579101562e+00
3.879192590713500977e+00
3.861410379409790039e+00
3.852594137191772461e+00
3.844830513000488281e+00
3.835740566253662109e+00
3.820695161819458008e+00
3.805185794830322266e+00
3.802310943603515625e+00
3.790705204010009766e+00
3.776802778244018555e+00
3.776477813720703125e+00
3.775748252868652344e+00
3.747901201248168945e+00
3.752934932708740234e+00
3.746514320373535156e+00
3.746738910675048828e+00
3.740277767181396484e+00
3.746750593185424805e+00
3.756031990051269531e+00
3.734518766403198242e+00
3.739780187606811523e+00
3.738919973373413086e+00
3.737249612808227539e+00
3.731512069702148438e+00
3.737897872924804688e+00
3.738985061645507812e+00
3.726667404174804688e+00
3.735564470291137695e+00
3.724632024765014648e+00
3.746560096740722656e+00
3.742098569869995117e+00
3.760888576507568359e+00
3.753509521484375000e+00
3.761820077896118164e+00
3.768565654754638672e+00
3.771630287170410156e+00
3.781573057174682617e+00
3.793190956115722656e+00
3.792335271835327148e+00
3.814018011093139648e+00
3.825016975402832031e+00
3.823785781860351562e+00
3.848330259323120117e+00
3.861060857772827148e+00
3.869824409484863281e+00
3.884637832641601562e+00
3.913292884826660156e+00
3.918400526046752930e+00
3.938024520874023438e+00
3.956107854843139648e+00
3.977330207824707031e+00
3.983587980270385742e+00
4.010049343109130859e+00
4.032922267913818359e+00
4.053502082824707031e+00
4.098330020904541016e+00
4.100147247314453125e+00
4.133099079132080078e+00
4.151686191558837891e+00
4.180156230926513672e+00
4.205986976623535156e+00
4.242431640625000000e+00
4.272171497344970703e+00
4.293354511260986328e+00
4.332852363586425781e+00
4.361886501312255859e+00
4.400773048400878906e+00
4.428524017333984375e+00
4.462745666503906250e+00
4.515429496765136719e+00
4.533123493194580078e+00
4.599817276000976562e+00
4.607660770416259766e+00
4.656319618225097656e+00
4.704575538635253906e+00
4.734270095825195312e+00
4.783668041229248047e+00
4.818175315856933594e+00
4.877884387969970703e+00
4.942904472351074219e+00
4.973959922790527344e+00
5.030596256256103516e+00
5.077580451965332031e+00
5.126818656921386719e+00
5.181078433990478516e+00
5.222267627716064453e+00
5.269042015075683594e+00
5.345605850219726562e+00
5.408670902252197266e+00
5.449574947357177734e+00
5.530379772186279297e+00
5.578681945800781250e+00
5.623025417327880859e+00
5.704398155212402344e+00
5.766296863555908203e+00
5.821137428283691406e+00
5.897982597351074219e+00
5.952720165252685547e+00
6.023697376251220703e+00
6.105469226837158203e+00
6.180666923522949219e+00
6.236397743225097656e+00
6.318090438842773438e+00
6.387438297271728516e+00
6.470033168792724609e+00
6.556987762451171875e+00
6.627383232116699219e+00
6.717613220214843750e+00
6.798961162567138672e+00
6.881450176239013672e+00
6.973557949066162109e+00
7.054027557373046875e+00
7.147776126861572266e+00
7.231293678283691406e+00
7.330482006072998047e+00
7.421871662139892578e+00
7.509920120239257812e+00
7.612507820129394531e+00
7.708097934722900391e+00
7.811017990112304688e+00
7.911847114562988281e+00
8.023681640625000000e+00
8.130077362060546875e+00
8.255375862121582031e+00
8.339537620544433594e+00
8.455467224121093750e+00
8.575507164001464844e+00
8.686824798583984375e+00
8.795068740844726562e+00
8.953248977661132812e+00
9.078233718872070312e+00
9.184213638305664062e+00
9.299946784973144531e+00
9.415584564208984375e+00
9.516891479492187500e+00
9.654449462890625000e+00
9.790990829467773438e+00
9.930414199829101562e+00
1.004554176330566406e+01
1.019269943237304688e+01
1.033073043823242188e+01
1.046921730041503906e+01
1.062324142456054688e+01
1.075708389282226562e+01
1.090544891357421875e+01
1.104570960998535156e+01
1.121753120422363281e+01
1.136103439331054688e+01
1.151530647277832031e+01
1.167808246612548828e+01
1.182919502258300781e+01
1.200838088989257812e+01
1.216934967041015625e+01
1.232861232757568359e+01
1.250676631927490234e+01
1.267536163330078125e+01
1.284854888916015625e+01
1.302288055419921875e+01
1.320156002044677734e+01
1.337378501892089844e+01
1.355068969726562500e+01
1.375221443176269531e+01
1.392565536499023438e+01
1.411987876892089844e+01
1.431242752075195312e+01
1.451644515991210938e+01
1.471921348571777344e+01
1.490309906005859375e+01
1.512423706054687500e+01
1.530032539367675781e+01
1.551379489898681641e+01
1.574391460418701172e+01
1.595734405517578125e+01
1.616355514526367188e+01
1.638467407226562500e+01
1.660451507568359375e+01
1.684737014770507812e+01
1.706620788574218750e+01
1.729636383056640625e+01
1.754104232788085938e+01
1.777419662475585938e+01
1.799408912658691406e+01
1.825747680664062500e+01
1.850623703002929688e+01
1.875444793701171875e+01
1.900682258605957031e+01
1.928861427307128906e+01
1.951658439636230469e+01
1.980344772338867188e+01
2.005989074707031250e+01
2.030334854125976562e+01
2.058605194091796875e+01
2.085231208801269531e+01
2.114064598083496094e+01
2.142072868347167969e+01
2.169860458374023438e+01
2.198427581787109375e+01
2.228679275512695312e+01
2.257688903808593750e+01
2.287770843505859375e+01
2.317250251770019531e+01
2.347461891174316406e+01
2.380232620239257812e+01
2.412952423095703125e+01
2.469737243652343750e+01
2.479590797424316406e+01
2.510266685485839844e+01
2.538233947753906250e+01
2.572627258300781250e+01
2.611733245849609375e+01
2.643283843994140625e+01
2.671063613891601562e+01
2.725938224792480469e+01
2.746102714538574219e+01
2.782736587524414062e+01
2.819123649597167969e+01
2.851688575744628906e+01
2.883641052246093750e+01
2.927046966552734375e+01
2.964699554443359375e+01
2.999566078186035156e+01
3.039975547790527344e+01
3.077704620361328125e+01
3.115841865539550781e+01
3.157638168334960938e+01
3.205039978027343750e+01
3.236027526855468750e+01
3.276721954345703125e+01
3.315467834472656250e+01
3.359595870971679688e+01
3.399538040161132812e+01
3.446207427978515625e+01
3.485620117187500000e+01
3.533386993408203125e+01
3.576084899902343750e+01
3.624627685546875000e+01
3.679705047607421875e+01
3.713319396972656250e+01
3.761862182617187500e+01
3.806736755371093750e+01
3.854721832275390625e+01
3.903706359863281250e+01
3.950170135498046875e+01
4.005534362792968750e+01
4.051253509521484375e+01
4.109660339355468750e+01
4.152717208862304688e+01
4.206454086303710938e+01
4.254922103881835938e+01
4.307497024536132812e+01
4.360012435913085938e+01
4.407098770141601562e+01
4.464126586914062500e+01
4.537712860107421875e+01
4.575798416137695312e+01
4.636254501342773438e+01
4.683016586303710938e+01
4.746203994750976562e+01
4.806388092041015625e+01
4.866545104980468750e+01
4.918663024902343750e+01
4.975572586059570312e+01
5.036411285400390625e+01
5.100976562500000000e+01
5.164797973632812500e+01
5.225181579589843750e+01
5.288446044921875000e+01
5.346255111694335938e+01
5.419020843505859375e+01
5.488922882080078125e+01
5.558686828613281250e+01
5.625944137573242188e+01
5.671001052856445312e+01
5.746075439453125000e+01
5.808832931518554688e+01
5.877320098876953125e+01
5.947724914550781250e+01
6.018504714965820312e+01
6.096948623657226562e+01
6.168846130371093750e+01
6.249008941650390625e+01
6.300833892822265625e+01
6.396540832519531250e+01
6.466501617431640625e+01
6.536966705322265625e+01
6.616731262207031250e+01
6.696083831787109375e+01
6.759803771972656250e+01
6.865312957763671875e+01
6.942483520507812500e+01
