3.942510604858398438e+00
3.921927452087402344e+00
3.909135580062866211e+00
3.890516519546508789e+00
3.874842643737792969e+00
3.858642339706420898e+00
3.841009616851806641e+00
3.828676223754882812e+00
3.815272808074951172e+00
3.804420709609985352e+00
3.793564558029174805e+00
3.783752918243408203e+00
3.772752046585083008e+00
3.765142440795898438e+00
3.754521846771240234e+00
3.748955726623535156e+00
3.743182897567749023e+00
3.732639789581298828e+00
3.732337951660156250e+00
3.727118253707885742e+00
3.721851587295532227e+00
3.721844434738159180e+00
3.719101667404174805e+00
3.719357490539550781e+00
3.722304821014404297e+00
3.723501443862915039e+00
3.725610971450805664e+00
3.728374242782592773e+00
3.730248212814331055e+00
3.738018512725830078e+00
3.744697809219360352e+00
3.748789787292480469e+00
3.757986068725585938e+00
3.768568277359008789e+00
3.779551982879638672e+00
3.790256977081298828e+00
3.801017045974731445e+00
3.814748525619506836e+00
3.830163002014160156e+00
3.846398353576660156e+00
3.860686063766479492e+00
3.879839897155761719e+00
3.897130966186523438e+00
3.916486024856567383e+00
3.937266111373901367e+00
3.961369752883911133e+00
3.984420299530029297e+00
4.008021831512451172e+00
4.032162666320800781e+00
4.060397148132324219e+00
4.091350078582763672e+00
4.117489337921142578e+00
4.150020599365234375e+00
4.180023193359375000e+00
4.215836524963378906e+00
4.249833106994628906e+00
4.285621166229248047e+00
4.322156906127929688e+00
4.359426498413085938e+00
4.397920608520507812e+00
4.441509246826171875e+00
4.482324600219726562e+00
4.526443004608154297e+00
4.569858074188232422e+00
4.619244575500488281e+00
4.665799140930175781e+00
4.714400291442871094e+00
4.765590190887451172e+00
4.817350864410400391e+00
4.871685981750488281e+00
4.927644252777099609e+00
4.983613491058349609e+00
5.043964385986328125e+00
5.100887775421142578e+00
5.164902687072753906e+00
5.226150512695312500e+00
5.289311408996582031e+00
5.355430126190185547e+00
5.423239707946777344e+00
5.490081310272216797e+00
5.564960002899169922e+00
5.635724544525146484e+00
5.710233688354492188e+00
5.786037445068359375e+00
5.866018295288085938e+00
5.942792892456054688e+00
6.023993492126464844e+00
6.106117725372314453e+00
6.191689968109130859e+00
6.280580520629882812e+00
6.366298198699951172e+00
6.457301616668701172e+00
6.550676345825195312e+00
6.642810821533203125e+00
6.740057945251464844e+00
6.836256980895996094e+00
6.937139987945556641e+00
7.038892269134521484e+00
7.141690254211425781e+00
7.245553970336914062e+00
7.354967117309570312e+00
7.462036609649658203e+00
7.575355052947998047e+00
7.685127735137939453e+00
7.802171230316162109e+00
7.919432640075683594e+00
8.039060592651367188e+00
8.163328170776367188e+00
8.288515090942382812e+00
8.410539627075195312e+00
8.540032386779785156e+00
8.672633171081542969e+00
8.806272506713867188e+00
8.940431594848632812e+00
9.079221725463867188e+00
9.218836784362792969e+00
9.361824989318847656e+00
9.508216857910156250e+00
9.654953002929687500e+00
9.803567886352539062e+00
9.957832336425781250e+00
1.011000347137451172e+01
1.026807975769042969e+01
1.042673587799072266e+01
1.058920478820800781e+01
1.075516510009765625e+01
1.092081165313720703e+01
1.109355354309082031e+01
1.126406669616699219e+01
1.143896102905273438e+01
1.161967754364013672e+01
1.179914951324462891e+01
1.198308753967285156e+01
1.216956710815429688e+01
1.235698223114013672e+01
1.254849243164062500e+01
1.274312305450439453e+01
1.294160938262939453e+01
1.314053344726562500e+01
1.334881210327148438e+01
1.355109405517578125e+01
1.376385784149169922e+01
1.397508049011230469e+01
1.419111537933349609e+01
1.440798282623291016e+01
1.462947940826416016e+01
1.485404872894287109e+01
1.508095359802246094e+01
1.531423282623291016e+01
1.554205131530761719e+01
1.578186321258544922e+01
1.602460289001464844e+01
1.626710510253906250e+01
1.651791000366210938e+01
1.676946640014648438e+01
1.702280616760253906e+01
1.728018569946289062e+01
1.753644371032714844e+01
1.780710411071777344e+01
1.807279396057128906e+01
1.834601211547851562e+01
1.862264823913574219e+01
1.890316009521484375e+01
1.918418884277343750e+01
1.947257041931152344e+01
1.976430702209472656e+01
2.005837059020996094e+01
2.035912513732910156e+01
2.065656280517578125e+01
2.096258354187011719e+01
2.127392387390136719e+01
2.158430290222167969e+01
2.190596961975097656e+01
2.222953224182128906e+01
2.255813407897949219e+01
2.288837814331054688e+01
2.322201156616210938e+01
2.356141281127929688e+01
2.390598106384277344e+01
2.425149154663085938e+01
2.460669136047363281e+01
2.496090698242187500e+01
2.532452392578125000e+01
2.568837738037109375e+01
2.605784988403320312e+01
2.643345069885253906e+01
2.681497192382812500e+01
2.719735145568847656e+01
2.758589363098144531e+01
2.797588729858398438e+01
2.837585258483886719e+01
2.878153800964355469e+01
2.918408203125000000e+01
2.959946632385253906e+01
3.001710891723632812e+01
3.044210243225097656e+01
3.087071228027343750e+01
3.129932022094726562e+01
3.174155044555664062e+01
3.218066406250000000e+01
3.263425827026367188e+01
3.308753204345703125e+01
3.354376983642578125e+01
3.400978469848632812e+01
3.448030090332031250e+01
3.495143890380859375e+01
3.543734359741210938e+01
3.591907501220703125e+01
3.641525650024414062e+01
3.691077041625976562e+01
3.741806030273437500e+01
3.792296981811523438e+01
3.844096755981445312e+01
3.896121597290039062e+01
3.948362350463867188e+01
4.002285385131835938e+01
4.055806732177734375e+01
4.110843276977539062e+01
4.165438461303710938e+01
4.221705245971679688e+01
4.278463745117187500e+01
4.335704803466796875e+01
4.392432785034179688e+01
4.451517486572265625e+01
4.511205673217773438e+01
4.570407485961914062e+01
4.630992507934570312e+01
4.692258834838867188e+01
4.754364776611328125e+01
4.816844177246093750e+01
4.880543518066406250e+01
4.944216537475585938e+01
5.009132003784179688e+01
5.073530960083007812e+01
5.139998245239257812e+01
5.206004714965820312e+01
5.273994827270507812e+01
5.342657089233398438e+01
5.411600112915039062e+01
5.480059432983398438e+01
5.551456069946289062e+01
5.623072433471679688e+01
5.694734573364257812e+01
5.768391799926757812e+01
5.840906906127929688e+01
5.915493392944335938e+01
5.990420913696289062e+01
6.066943740844726562e+01
6.143597793579101562e+01
6.220760726928710938e+01
6.300325775146484375e+01
6.378959274291992188e+01
6.459400939941406250e+01
6.540996551513671875e+01
6.622460174560546875e+01
6.705665588378906250e+01
6.789540863037109375e+01
6.873696136474609375e+01
6.957945251464843750e+01
7.046368408203125000e+01
7.133843994140625000e+01
7.222387695312500000e+01
7.311790466308593750e+01
7.401876068115234375e+01
7.493588256835937500e+01
7.584108734130859375e+01
7.678291320800781250e+01
7.773555755615234375e+01
7.868037414550781250e+01
7.963545227050781250e+01
8.061059570312500000e+01
8.158908843994140625e+01
8.256823730468750000e+01
8.358266448974609375e+01
8.458881378173828125e+01
8.561763000488281250e+01
8.663969421386718750e+01
8.767527770996093750e+01
8.875323486328125000e+01
8.981982421875000000e+01
9.088723754882812500e+01
9.197859191894531250e+01
9.308099365234375000e+01
9.419258117675781250e+01
9.531135559082031250e+01
9.645198822021484375e+01
9.759157562255859375e+01
9.876241302490234375e+01
9.990325927734375000e+01
1.010913391113281250e+02
1.022763977050781250e+02
1.034898681640625000e+02
1.047273254394531250e+02
1.059587249755859375e+02
1.072015151977539062e+02
1.084281387329101562e+02
1.097048263549804688e+02
1.110071487426757812e+02
1.122247619628906250e+02
1.136047668457031250e+02
