5.014034271240234375e+00
4.983388423919677734e+00
4.949342727661132812e+00
4.920378208160400391e+00
4.890054225921630859e+00
4.859345912933349609e+00
4.828122615814208984e+00
4.801135540008544922e+00
4.770195484161376953e+00
4.741876125335693359e+00
4.713157176971435547e+00
4.685020923614501953e+00
4.657230854034423828e+00
4.629029750823974609e+00
4.601936817169189453e+00
4.574198722839355469e+00
4.548031806945800781e+00
4.521421432495117188e+00
4.495755195617675781e+00
4.469703674316406250e+00
4.443717002868652344e+00
4.418724060058593750e+00
4.394697666168212891e+00
4.370958805084228516e+00
4.346349239349365234e+00
4.323988437652587891e+00
4.300921916961669922e+00
4.277656555175781250e+00
4.256307601928710938e+00
4.232689380645751953e+00
4.210294723510742188e+00
4.189508914947509766e+00
4.170453548431396484e+00
4.149315357208251953e+00
4.130284309387207031e+00
4.111659526824951172e+00
4.092613220214843750e+00
4.072663784027099609e+00
4.054872989654541016e+00
4.037815570831298828e+00
4.021142005920410156e+00
4.000851154327392578e+00
3.985293865203857422e+00
3.969268560409545898e+00
3.952982902526855469e+00
3.938847780227661133e+00
3.923535585403442383e+00
3.909787893295288086e+00
3.895778656005859375e+00
3.882755994796752930e+00
3.875546932220458984e+00
3.857637405395507812e+00
3.859414339065551758e+00
3.835959434509277344e+00
3.827199935913085938e+00
3.823792219161987305e+00
3.805701017379760742e+00
3.801584959030151367e+00
3.786665916442871094e+00
3.780479431152343750e+00
3.773173570632934570e+00
3.761770725250244141e+00
3.756778717041015625e+00
3.751892328262329102e+00
3.745669126510620117e+00
3.743212461471557617e+00
3.748814821243286133e+00
3.736046791076660156e+00
3.733310222625732422e+00
3.742654323577880859e+00
3.738389730453491211e+00
3.741777181625366211e+00
3.731239080429077148e+00
3.735126733779907227e+00
3.731644153594970703e+00
3.728524684906005859e+00
3.735861539840698242e+00
3.737910270690917969e+00
3.769079685211181641e+00
3.757575511932373047e+00
3.752759695053100586e+00
3.763530254364013672e+00
3.766081333160400391e+00
3.775049686431884766e+00
3.775118589401245117e+00
3.783939123153686523e+00
3.799017190933227539e+00
3.807138442993164062e+00
3.812443017959594727e+00
3.816504001617431641e+00
3.839554071426391602e+00
3.850340366363525391e+00
3.866701126098632812e+00
3.860058069229125977e+00
3.898004770278930664e+00
3.923703670501708984e+00
3.933160781860351562e+00
3.952227354049682617e+00
3.971667289733886719e+00
3.993952512741088867e+00
4.013755321502685547e+00
4.032574176788330078e+00
4.055549144744873047e+00
4.071969985961914062e+00
4.102936267852783203e+00
4.130594730377197266e+00
4.170083522796630859e+00
4.197194576263427734e+00
4.218724250793457031e+00
4.250405311584472656e+00
4.270905017852783203e+00
4.300946712493896484e+00
4.339713096618652344e+00
4.410818099975585938e+00
4.405859947204589844e+00
4.470094203948974609e+00
4.484342098236083984e+00
4.500808238983154297e+00
4.547233104705810547e+00
4.599252223968505859e+00
4.654015064239501953e+00
4.693326473236083984e+00
4.749626159667968750e+00
4.749936580657958984e+00
4.418863296508789062e+00
4.857383251190185547e+00
4.902863502502441406e+00
4.946365833282470703e+00
5.031764507293701172e+00
5.050993919372558594e+00
5.093943595886230469e+00
5.111322879791259766e+00
5.189384460449218750e+00
5.244543075561523438e+00
5.328042030334472656e+00
5.379035472869873047e+00
5.418220996856689453e+00
5.494045734405517578e+00
4.758335590362548828e+00
5.621008396148681641e+00
5.672281265258789062e+00
5.753395557403564453e+00
5.808609485626220703e+00
5.881482124328613281e+00
5.916769027709960938e+00
6.002656459808349609e+00
6.101527690887451172e+00
6.157800674438476562e+00
6.225575923919677734e+00
6.301082134246826172e+00
5.241074085235595703e+00
5.128109931945800781e+00
6.533470630645751953e+00
6.648740768432617188e+00
6.703255653381347656e+00
6.788560390472412109e+00
6.871199607849121094e+00
6.751080513000488281e+00
7.051959991455078125e+00
7.168168544769287109e+00
6.878023147583007812e+00
7.402268886566162109e+00
6.458676815032958984e+00
7.541604518890380859e+00
7.639913082122802734e+00
7.797022819519042969e+00
7.858289241790771484e+00
7.934688091278076172e+00
8.077173233032226562e+00
8.145466804504394531e+00
8.296297073364257812e+00
8.357664108276367188e+00
8.505978584289550781e+00
8.654537200927734375e+00
8.744449615478515625e+00
8.886800765991210938e+00
8.960108757019042969e+00
9.068681716918945312e+00
9.204573631286621094e+00
8.950636863708496094e+00
9.214038848876953125e+00
9.628211021423339844e+00
9.477282524108886719e+00
9.972142219543457031e+00
1.006829547882080078e+01
1.012213039398193359e+01
1.014742469787597656e+01
1.040482425689697266e+01
1.053798675537109375e+01
1.076813507080078125e+01
1.070322418212890625e+01
1.098526859283447266e+01
1.112974071502685547e+01
1.134794139862060547e+01
1.149620532989501953e+01
1.145735549926757812e+01
1.178080463409423828e+01
1.196465492248535156e+01
1.217266082763671875e+01
1.226360511779785156e+01
1.244911766052246094e+01
1.264085578918457031e+01
1.283204460144042969e+01
1.297775077819824219e+01
1.315270423889160156e+01
1.337087726593017578e+01
1.349154472351074219e+01
1.373523139953613281e+01
1.389453315734863281e+01
1.405518436431884766e+01
1.424748229980468750e+01
1.446732139587402344e+01
1.465292358398437500e+01
1.490804862976074219e+01
1.503104496002197266e+01
1.536133956909179688e+01
1.546829128265380859e+01
1.571801948547363281e+01
1.592485046386718750e+01
1.611779785156250000e+01
1.632003021240234375e+01
1.652985000610351562e+01
1.678168487548828125e+01
1.708322906494140625e+01
1.730743217468261719e+01
1.760160064697265625e+01
1.775946807861328125e+01
1.796000671386718750e+01
1.827301979064941406e+01
1.848645973205566406e+01
1.866659545898437500e+01
1.903809547424316406e+01
1.919115066528320312e+01
1.950967597961425781e+01
1.975106620788574219e+01
2.008614158630371094e+01
2.025508689880371094e+01
2.057919120788574219e+01
2.082736206054687500e+01
2.110726165771484375e+01
2.137862396240234375e+01
2.173715400695800781e+01
2.198961257934570312e+01
2.226306724548339844e+01
2.255788421630859375e+01
2.285829925537109375e+01
2.316702270507812500e+01
2.348686218261718750e+01
2.380060386657714844e+01
2.411877441406250000e+01
2.444709587097167969e+01
2.482200050354003906e+01
2.509338569641113281e+01
2.545790863037109375e+01
2.578598022460937500e+01
2.611149024963378906e+01
2.646257591247558594e+01
2.685591506958007812e+01
2.728823471069335938e+01
2.757561111450195312e+01
2.793079757690429688e+01
2.829530525207519531e+01
2.868721771240234375e+01
2.905497932434082031e+01
2.943906402587890625e+01
2.980235290527343750e+01
3.023066520690917969e+01
3.059170341491699219e+01
3.098042297363281250e+01
3.139764022827148438e+01
3.182200050354003906e+01
3.223976135253906250e+01
3.262603378295898438e+01
3.304062652587890625e+01
3.346794891357421875e+01
3.389318084716796875e+01
3.433195495605468750e+01
3.482012939453125000e+01
3.525648117065429688e+01
3.567682266235351562e+01
3.616653823852539062e+01
3.659721374511718750e+01
3.711977005004882812e+01
3.754380798339843750e+01
3.806066131591796875e+01
3.852774429321289062e+01
3.903430175781250000e+01
3.953807830810546875e+01
4.002316665649414062e+01
4.048679733276367188e+01
4.104446792602539062e+01
4.154587554931640625e+01
4.206181335449218750e+01
4.258464431762695312e+01
4.315364074707031250e+01
4.366172027587890625e+01
4.424251174926757812e+01
4.477136611938476562e+01
4.533990478515625000e+01
4.585860061645507812e+01
