7.741899967193603516e+00
6.071562767028808594e+00
4.852104187011718750e+00
4.128778934478759766e+00
3.828657865524291992e+00
3.734440326690673828e+00
3.751233339309692383e+00
3.826443195343017578e+00
3.968114852905273438e+00
4.194157123565673828e+00
4.429563999176025391e+00
4.693428993225097656e+00
4.769115924835205078e+00
4.901357173919677734e+00
5.113517284393310547e+00
5.371994018554687500e+00
5.651976108551025391e+00
5.941258430480957031e+00
7.750665664672851562e+00
7.740330696105957031e+00
7.738861560821533203e+00
7.742157459259033203e+00
7.742321014404296875e+00
7.739520549774169922e+00
7.746904373168945312e+00
7.741223812103271484e+00
7.740857124328613281e+00
7.739602088928222656e+00
7.740172386169433594e+00
7.739490985870361328e+00
7.741703033447265625e+00
7.791388988494873047e+00
7.745146274566650391e+00
7.742517948150634766e+00
7.742713451385498047e+00
7.744239807128906250e+00
7.744140625000000000e+00
7.740931034088134766e+00
7.744064807891845703e+00
7.742074012756347656e+00
7.739597320556640625e+00
7.741090774536132812e+00
7.746731281280517578e+00
7.743123054504394531e+00
7.740822792053222656e+00
7.741033554077148438e+00
7.742551803588867188e+00
7.758876323699951172e+00
7.739744186401367188e+00
7.740090847015380859e+00
7.739746093750000000e+00
7.740587711334228516e+00
7.744026660919189453e+00
7.744043350219726562e+00
7.745202541351318359e+00
7.742456912994384766e+00
7.739087581634521484e+00
7.745652198791503906e+00
7.742496013641357422e+00
7.739974021911621094e+00
7.741405963897705078e+00
7.747107505798339844e+00
7.752460956573486328e+00
7.741079330444335938e+00
7.741262912750244141e+00
7.747805118560791016e+00
7.741517066955566406e+00
7.740901947021484375e+00
7.739220142364501953e+00
7.741862297058105469e+00
7.740393161773681641e+00
7.746188163757324219e+00
7.749602317810058594e+00
7.740324974060058594e+00
7.746434688568115234e+00
7.752205371856689453e+00
7.741898536682128906e+00
7.748638153076171875e+00
7.743118286132812500e+00
7.752693176269531250e+00
7.741145610809326172e+00
7.740776062011718750e+00
7.739783763885498047e+00
7.746712684631347656e+00
7.755369186401367188e+00
7.740433216094970703e+00
7.742231845855712891e+00
7.754632472991943359e+00
7.739815711975097656e+00
7.743024826049804688e+00
7.745369911193847656e+00
7.747289657592773438e+00
7.740389823913574219e+00
7.745190620422363281e+00
7.743484497070312500e+00
7.741425991058349609e+00
7.741466999053955078e+00
7.748042106628417969e+00
7.750669956207275391e+00
7.750553131103515625e+00
7.744609832763671875e+00
7.742949485778808594e+00
7.741959095001220703e+00
7.740315437316894531e+00
7.739270210266113281e+00
7.739942073822021484e+00
7.757630825042724609e+00
7.743362903594970703e+00
7.742600917816162109e+00
7.750889301300048828e+00
7.752455711364746094e+00
7.742083549499511719e+00
7.740612983703613281e+00
7.749581336975097656e+00
7.744191646575927734e+00
7.745878696441650391e+00
7.741201400756835938e+00
7.740218639373779297e+00
7.763391494750976562e+00
7.739804267883300781e+00
7.743067741394042969e+00
7.741311073303222656e+00
7.743458271026611328e+00
7.739613533020019531e+00
7.746037006378173828e+00
7.741050720214843750e+00
7.742386341094970703e+00
7.742505073547363281e+00
7.758725166320800781e+00
7.740680694580078125e+00
7.746398925781250000e+00
7.741239547729492188e+00
7.745089054107666016e+00
7.744369983673095703e+00
7.739536285400390625e+00
7.754005908966064453e+00
7.745384216308593750e+00
7.745353698730468750e+00
7.752285003662109375e+00
7.746331214904785156e+00
7.756303787231445312e+00
7.758629798889160156e+00
7.742041110992431641e+00
7.740088462829589844e+00
7.741246700286865234e+00
7.764207839965820312e+00
7.743066310882568359e+00
7.740835189819335938e+00
7.744202613830566406e+00
7.740262031555175781e+00
7.744504928588867188e+00
7.744030475616455078e+00
7.753014564514160156e+00
7.743868350982666016e+00
7.743061065673828125e+00
7.745930671691894531e+00
7.741151809692382812e+00
7.742372035980224609e+00
7.739565849304199219e+00
7.747121810913085938e+00
7.740692138671875000e+00
7.743103981018066406e+00
7.749222755432128906e+00
7.738902568817138672e+00
7.741858005523681641e+00
7.743146896362304688e+00
7.739253520965576172e+00
7.741346836090087891e+00
7.756833076477050781e+00
7.740697860717773438e+00
7.744654655456542969e+00
7.742852210998535156e+00
7.740289211273193359e+00
7.745555877685546875e+00
7.741475105285644531e+00
7.738885402679443359e+00
7.738338947296142578e+00
7.748617172241210938e+00
7.740381240844726562e+00
7.745639801025390625e+00
7.742085933685302734e+00
7.741955280303955078e+00
7.750643253326416016e+00
7.748023033142089844e+00
7.741933822631835938e+00
7.749844551086425781e+00
7.743451118469238281e+00
7.738184452056884766e+00
7.761556625366210938e+00
7.740851402282714844e+00
7.742562294006347656e+00
7.743758678436279297e+00
7.743235111236572266e+00
7.750802993774414062e+00
7.740185737609863281e+00
7.740142822265625000e+00
7.741421699523925781e+00
7.747903347015380859e+00
7.756149291992187500e+00
7.742539882659912109e+00
7.758338451385498047e+00
7.740944862365722656e+00
7.760087966918945312e+00
7.745479583740234375e+00
7.740085124969482422e+00
7.743784904479980469e+00
7.757307052612304688e+00
7.741371631622314453e+00
7.746987342834472656e+00
7.742063522338867188e+00
7.739618778228759766e+00
7.755636215209960938e+00
7.754599571228027344e+00
7.744687557220458984e+00
7.742190837860107422e+00
7.739638805389404297e+00
7.753618240356445312e+00
7.743263244628906250e+00
7.739842414855957031e+00
7.742805004119873047e+00
7.750252246856689453e+00
7.698892593383789062e+00
7.744384765625000000e+00
7.737802982330322266e+00
7.741275787353515625e+00
7.726413249969482422e+00
7.744306564331054688e+00
7.753118038177490234e+00
7.743614196777343750e+00
7.738497734069824219e+00
7.740490436553955078e+00
7.740043640136718750e+00
7.741737365722656250e+00
7.742099761962890625e+00
7.745985507965087891e+00
7.740038871765136719e+00
7.743259429931640625e+00
7.744508266448974609e+00
7.740671157836914062e+00
7.741775512695312500e+00
7.737794399261474609e+00
7.738827228546142578e+00
7.740646362304687500e+00
7.747460365295410156e+00
7.741900920867919922e+00
7.745290279388427734e+00
7.746199131011962891e+00
7.749569416046142578e+00
7.751845359802246094e+00
7.741813182830810547e+00
7.747277736663818359e+00
7.738204956054687500e+00
7.746846199035644531e+00
7.755102157592773438e+00
7.758506298065185547e+00
7.738560676574707031e+00
7.740848064422607422e+00
7.741065502166748047e+00
7.743742465972900391e+00
7.751790046691894531e+00
7.744281768798828125e+00
7.744936466217041016e+00
7.750412464141845703e+00
7.752445697784423828e+00
7.765040874481201172e+00
7.748528957366943359e+00
7.740658760070800781e+00
7.742956638336181641e+00
7.749635696411132812e+00
7.740944862365722656e+00
7.744688987731933594e+00
7.750805854797363281e+00
7.745353698730468750e+00
7.741053581237792969e+00
7.743993759155273438e+00
7.739257335662841797e+00
7.749836444854736328e+00
7.739691257476806641e+00
7.741249084472656250e+00
7.744920730590820312e+00
7.747562408447265625e+00
7.742887973785400391e+00
7.762732505798339844e+00
7.743431091308593750e+00
7.743822097778320312e+00
7.745890617370605469e+00
7.756139278411865234e+00
7.739834308624267578e+00
7.706984519958496094e+00
7.748576164245605469e+00
7.744066715240478516e+00
7.750660896301269531e+00
7.746837615966796875e+00
7.741770744323730469e+00
7.744494915008544922e+00
7.756017684936523438e+00
7.738561153411865234e+00
7.742623329162597656e+00
7.752346038818359375e+00
7.739693641662597656e+00
