7.741899967193603516e+00
7.651165485382080078e+00
7.401889801025390625e+00
6.975286483764648438e+00
6.330883026123046875e+00
5.718036651611328125e+00
5.202084541320800781e+00
4.670426368713378906e+00
4.266435623168945312e+00
3.975471258163452148e+00
3.854256868362426758e+00
3.783940315246582031e+00
3.768810987472534180e+00
3.723981857299804688e+00
3.730281829833984375e+00
3.741179943084716797e+00
3.742809534072875977e+00
3.754536390304565430e+00
3.764966487884521484e+00
3.782632589340209961e+00
3.781044244766235352e+00
3.793275833129882812e+00
3.809015035629272461e+00
3.820178508758544922e+00
3.833917140960693359e+00
3.844604015350341797e+00
3.852486848831176758e+00
3.865036487579345703e+00
3.876076221466064453e+00
3.885290145874023438e+00
3.895453453063964844e+00
3.910706996917724609e+00
3.917677164077758789e+00
3.926875829696655273e+00
3.934980392456054688e+00
3.949431180953979492e+00
3.955416917800903320e+00
3.962532758712768555e+00
3.982402324676513672e+00
3.979923486709594727e+00
3.990298032760620117e+00
3.996111392974853516e+00
4.006376266479492188e+00
4.011083126068115234e+00
4.020455837249755859e+00
4.025549411773681641e+00
4.039904594421386719e+00
4.037304401397705078e+00
4.044579505920410156e+00
4.048395156860351562e+00
4.055494785308837891e+00
4.060435771942138672e+00
4.066191196441650391e+00
4.071565151214599609e+00
4.077602863311767578e+00
4.079890251159667969e+00
4.084816455841064453e+00
4.088497638702392578e+00
4.093429565429687500e+00
4.098986148834228516e+00
4.100491046905517578e+00
4.103855133056640625e+00
4.112599372863769531e+00
4.111642360687255859e+00
4.114103317260742188e+00
4.122655391693115234e+00
4.122398853302001953e+00
4.121241092681884766e+00
4.124797821044921875e+00
4.129413604736328125e+00
4.129563331604003906e+00
4.132234573364257812e+00
4.133611679077148438e+00
4.134725093841552734e+00
4.138925552368164062e+00
4.140874385833740234e+00
4.140715122222900391e+00
4.141663551330566406e+00
4.145047664642333984e+00
4.145907878875732422e+00
4.147205352783203125e+00
4.149948120117187500e+00
4.148756980895996094e+00
4.150576114654541016e+00
4.153135299682617188e+00
4.151072502136230469e+00
4.154743671417236328e+00
4.154093265533447266e+00
4.154613494873046875e+00
4.155029773712158203e+00
4.156349658966064453e+00
4.158128738403320312e+00
4.154836177825927734e+00
4.157103538513183594e+00
4.158530235290527344e+00
4.159663200378417969e+00
4.171714782714843750e+00
4.161697864532470703e+00
4.164337635040283203e+00
4.162643432617187500e+00
4.165114402770996094e+00
4.161509990692138672e+00
4.162737846374511719e+00
4.165685653686523438e+00
4.164124488830566406e+00
4.164296627044677734e+00
4.163293838500976562e+00
4.165552139282226562e+00
4.163757801055908203e+00
4.165085792541503906e+00
4.165518760681152344e+00
4.165523529052734375e+00
4.165818214416503906e+00
4.163333892822265625e+00
4.178842544555664062e+00
4.164467811584472656e+00
4.166954517364501953e+00
4.163775920867919922e+00
4.164475917816162109e+00
4.171745777130126953e+00
4.171114444732666016e+00
4.167742729187011719e+00
4.170784950256347656e+00
4.169378757476806641e+00
4.166931152343750000e+00
4.171725273132324219e+00
4.169629573822021484e+00
4.168511390686035156e+00
4.169690608978271484e+00
4.170129299163818359e+00
4.170510768890380859e+00
4.177267074584960938e+00
4.170952796936035156e+00
4.169625282287597656e+00
4.170773983001708984e+00
4.174015045166015625e+00
4.170567989349365234e+00
4.181817531585693359e+00
4.171696662902832031e+00
4.178689002990722656e+00
4.172607421875000000e+00
4.174104213714599609e+00
4.175835132598876953e+00
4.180594921112060547e+00
4.176707744598388672e+00
4.177216529846191406e+00
4.177359104156494141e+00
4.179176330566406250e+00
4.181723594665527344e+00
4.184216976165771484e+00
4.182238101959228516e+00
4.186645030975341797e+00
4.184028625488281250e+00
4.194077491760253906e+00
4.187130928039550781e+00
4.188169002532958984e+00
4.191418647766113281e+00
4.193089485168457031e+00
4.189561367034912109e+00
4.189688205718994141e+00
4.191267013549804688e+00
4.193181514739990234e+00
4.193411827087402344e+00
7.740272998809814453e+00
4.196698665618896484e+00
4.205061912536621094e+00
4.199098587036132812e+00
4.199771881103515625e+00
4.200056552886962891e+00
4.203444004058837891e+00
4.205571174621582031e+00
4.204751491546630859e+00
4.205169200897216797e+00
4.212881565093994141e+00
4.210364818572998047e+00
4.210393428802490234e+00
4.212938785552978516e+00
4.212508678436279297e+00
4.215878486633300781e+00
4.215468406677246094e+00
4.220219135284423828e+00
4.217480659484863281e+00
4.218302249908447266e+00
4.221538066864013672e+00
4.227289199829101562e+00
4.229391574859619141e+00
4.224422931671142578e+00
4.226679801940917969e+00
4.231744766235351562e+00
4.230069160461425781e+00
4.238337516784667969e+00
4.235980987548828125e+00
4.233783245086669922e+00
4.239565372467041016e+00
4.237834453582763672e+00
4.239272594451904297e+00
4.239350795745849609e+00
4.249432086944580078e+00
4.244832038879394531e+00
4.244606494903564453e+00
4.250992774963378906e+00
7.740513801574707031e+00
4.250278949737548828e+00
4.256514072418212891e+00
4.254541397094726562e+00
4.254999160766601562e+00
7.760165691375732422e+00
4.255599021911621094e+00
4.259692192077636719e+00
4.263477325439453125e+00
4.260578632354736328e+00
4.261660099029541016e+00
7.753629207611083984e+00
4.264677047729492188e+00
4.267114639282226562e+00
4.268212795257568359e+00
4.270553588867187500e+00
4.271661281585693359e+00
4.275264739990234375e+00
4.274053573608398438e+00
4.275599479675292969e+00
4.277210235595703125e+00
7.740210533142089844e+00
4.282161712646484375e+00
7.743561744689941406e+00
4.291060447692871094e+00
7.753191471099853516e+00
4.287191867828369141e+00
4.289497375488281250e+00
4.290807723999023438e+00
7.759099960327148438e+00
7.749694347381591797e+00
7.743056774139404297e+00
4.298176765441894531e+00
7.737240791320800781e+00
4.301304340362548828e+00
4.302086353302001953e+00
4.305756568908691406e+00
7.744183063507080078e+00
4.320470333099365234e+00
7.750097274780273438e+00
7.746772289276123047e+00
4.313541412353515625e+00
4.316733360290527344e+00
4.317110061645507812e+00
4.321319580078125000e+00
7.752051830291748047e+00
7.743152618408203125e+00
7.741901397705078125e+00
7.740663528442382812e+00
7.743657112121582031e+00
4.326771736145019531e+00
7.742300510406494141e+00
7.740220546722412109e+00
7.740390777587890625e+00
7.740354537963867188e+00
4.335412502288818359e+00
4.336970806121826172e+00
7.740036964416503906e+00
7.745640277862548828e+00
4.341250896453857422e+00
7.739281177520751953e+00
7.761411666870117188e+00
7.748457431793212891e+00
7.742512702941894531e+00
4.355928897857666016e+00
7.746141910552978516e+00
7.737971305847167969e+00
7.741295814514160156e+00
7.745053768157958984e+00
4.361087799072265625e+00
4.365162372589111328e+00
7.749319553375244141e+00
4.363116264343261719e+00
4.371808052062988281e+00
7.745193958282470703e+00
4.368007183074951172e+00
7.747087955474853516e+00
7.742439270019531250e+00
7.752482891082763672e+00
7.742146492004394531e+00
4.376924514770507812e+00
7.743340492248535156e+00
7.740822792053222656e+00
7.751280784606933594e+00
7.744496345520019531e+00
4.385650157928466797e+00
7.756615638732910156e+00
4.390980720520019531e+00
4.389258384704589844e+00
7.742819309234619141e+00
7.736705780029296875e+00
7.742562294006347656e+00
4.395241260528564453e+00
4.394782066345214844e+00
7.740955352783203125e+00
4.398946285247802734e+00
7.747759819030761719e+00
4.405133247375488281e+00
7.742060661315917969e+00
