4.159912109375000000e+00
4.092618465423583984e+00
4.028441429138183594e+00
3.968264818191528320e+00
3.913978815078735352e+00
3.863492965698242188e+00
3.816354036331176758e+00
3.776437759399414062e+00
3.739797592163085938e+00
3.708623647689819336e+00
3.683429718017578125e+00
3.662465572357177734e+00
3.647922754287719727e+00
3.638858318328857422e+00
3.636235952377319336e+00
3.640116930007934570e+00
3.650563240051269531e+00
3.667067289352416992e+00
3.690748691558837891e+00
3.720675230026245117e+00
3.759619712829589844e+00
3.804805040359497070e+00
3.856253862380981445e+00
3.915217399597167969e+00
3.985271215438842773e+00
4.064894676208496094e+00
4.149754047393798828e+00
4.241609573364257812e+00
4.347344875335693359e+00
4.461941719055175781e+00
4.563129425048828125e+00
4.690180301666259766e+00
4.826126575469970703e+00
4.970076084136962891e+00
5.100068569183349609e+00
5.261170387268066406e+00
5.491116046905517578e+00
5.639565467834472656e+00
5.862399101257324219e+00
6.058053970336914062e+00
6.305490493774414062e+00
6.529847145080566406e+00
6.752971649169921875e+00
7.042403697967529297e+00
7.308041572570800781e+00
7.595654010772705078e+00
7.890534877777099609e+00
8.219363212585449219e+00
8.564453125000000000e+00
8.737929344177246094e+00
8.933393478393554688e+00
9.673590660095214844e+00
1.009556674957275391e+01
1.059424495697021484e+01
1.101062965393066406e+01
1.151768112182617188e+01
1.185222434997558594e+01
1.238920688629150391e+01
1.289532375335693359e+01
1.342538833618164062e+01
1.398366546630859375e+01
1.474937057495117188e+01
1.534126472473144531e+01
1.597027778625488281e+01
1.662076377868652344e+01
1.730352973937988281e+01
1.809717750549316406e+01
1.881714820861816406e+01
1.958694267272949219e+01
2.034646415710449219e+01
2.116615867614746094e+01
2.192399597167968750e+01
2.281077575683593750e+01
2.372654533386230469e+01
2.467180824279785156e+01
2.567358970642089844e+01
2.668762016296386719e+01
2.773757362365722656e+01
2.882639503479003906e+01
2.995070648193359375e+01
3.111596488952636719e+01
3.220632171630859375e+01
3.356999206542968750e+01
3.485767745971679688e+01
3.618974685668945312e+01
3.739777374267578125e+01
3.881121444702148438e+01
4.027103042602539062e+01
4.177917480468750000e+01
4.333722305297851562e+01
4.545389938354492188e+01
4.682196807861328125e+01
4.883901214599609375e+01
5.061361694335937500e+01
5.244668960571289062e+01
5.433809280395507812e+01
5.628993988037109375e+01
5.830427932739257812e+01
6.038325500488281250e+01
6.306298828125000000e+01
