7.743106842041015625e+00
6.253332614898681641e+00
5.590035438537597656e+00
5.041411876678466797e+00
4.617711067199707031e+00
4.349601745605468750e+00
4.017010688781738281e+00
3.812677383422851562e+00
3.779776334762573242e+00
3.684807777404785156e+00
3.647494077682495117e+00
3.642216920852661133e+00
3.639705181121826172e+00
3.637761592864990234e+00
3.636511087417602539e+00
3.638638257980346680e+00
3.637038469314575195e+00
3.636848926544189453e+00
3.637823343276977539e+00
3.635939121246337891e+00
3.667042732238769531e+00
3.660267114639282227e+00
3.678075790405273438e+00
3.672242164611816406e+00
3.754721879959106445e+00
3.718431234359741211e+00
3.728482484817504883e+00
3.821621656417846680e+00
3.752812862396240234e+00
3.898726224899291992e+00
3.878645420074462891e+00
4.034917831420898438e+00
4.072085380554199219e+00
3.955573081970214844e+00
3.991001605987548828e+00
4.031949996948242188e+00
4.079212665557861328e+00
4.135971546173095703e+00
4.201567173004150391e+00
4.272861957550048828e+00
4.352299690246582031e+00
4.437553405761718750e+00
4.529559612274169922e+00
4.628835201263427734e+00
5.049601554870605469e+00
5.102904796600341797e+00
4.158107757568359375e+00
4.143297672271728516e+00
4.130153656005859375e+00
4.123690128326416016e+00
3.852608919143676758e+00
3.841056346893310547e+00
3.832215785980224609e+00
3.827160835266113281e+00
3.823523044586181641e+00
3.824577093124389648e+00
3.825351715087890625e+00
3.827845811843872070e+00
3.832853078842163086e+00
3.842593193054199219e+00
3.851210832595825195e+00
3.864163160324096680e+00
3.879254341125488281e+00
3.895760059356689453e+00
3.914988040924072266e+00
3.936344146728515625e+00
3.959863662719726562e+00
3.987045288085937500e+00
4.012989521026611328e+00
4.042976379394531250e+00
4.074882030487060547e+00
4.109938621520996094e+00
4.144797325134277344e+00
4.182982921600341797e+00
4.222439289093017578e+00
4.264537811279296875e+00
4.309030532836914062e+00
4.355053901672363281e+00
4.404469013214111328e+00
4.452358245849609375e+00
4.504342555999755859e+00
4.558306217193603516e+00
4.613148689270019531e+00
4.670876502990722656e+00
4.730718135833740234e+00
4.791247367858886719e+00
4.854775428771972656e+00
4.919244766235351562e+00
4.986909389495849609e+00
5.053625106811523438e+00
5.123970508575439453e+00
5.195498466491699219e+00
5.270189285278320312e+00
5.344822883605957031e+00
5.422842025756835938e+00
5.473464012145996094e+00
5.580545902252197266e+00
5.662407398223876953e+00
5.746546745300292969e+00
5.831784248352050781e+00
