3.871365308761596680e+00
3.817596435546875000e+00
3.771025657653808594e+00
3.730294704437255859e+00
3.697606801986694336e+00
3.670588970184326172e+00
3.652039051055908203e+00
3.640808343887329102e+00
3.636241197586059570e+00
3.641361474990844727e+00
3.653819322586059570e+00
3.675407886505126953e+00
3.705407142639160156e+00
3.744254589080810547e+00
3.791683673858642578e+00
3.850751876831054688e+00
3.917720317840576172e+00
3.994600296020507812e+00
4.082205295562744141e+00
4.185354232788085938e+00
4.292294025421142578e+00
4.414926052093505859e+00
4.542877197265625000e+00
4.673371315002441406e+00
4.820780754089355469e+00
4.957631111145019531e+00
5.143562316894531250e+00
5.317800998687744141e+00
5.479269027709960938e+00
5.678820133209228516e+00
5.955672264099121094e+00
6.119946956634521484e+00
6.460432052612304688e+00
6.764336585998535156e+00
7.047342300415039062e+00
7.284806251525878906e+00
7.641619205474853516e+00
7.907336711883544922e+00
8.273196220397949219e+00
8.756296157836914062e+00
9.174250602722167969e+00
9.576747894287109375e+00
9.999067306518554688e+00
1.044256973266601562e+01
1.078829765319824219e+01
1.148673820495605469e+01
1.192799758911132812e+01
1.245839309692382812e+01
1.298607349395751953e+01
1.354802036285400391e+01
1.414185237884521484e+01
1.477087306976318359e+01
1.557069683074951172e+01
1.625425720214843750e+01
1.694252586364746094e+01
1.774004745483398438e+01
1.846377944946289062e+01
1.922757530212402344e+01
2.010033226013183594e+01
2.096732521057128906e+01
2.186591148376464844e+01
2.266736793518066406e+01
2.363872337341308594e+01
2.476211738586425781e+01
2.580063629150390625e+01
2.686444664001464844e+01
2.798120498657226562e+01
2.914127540588378906e+01
3.033852767944335938e+01
3.157914733886718750e+01
3.286051177978515625e+01
3.418175125122070312e+01
3.555592727661132812e+01
3.697658157348632812e+01
3.844533920288085938e+01
3.996415328979492188e+01
4.153359222412109375e+01
4.315780258178710938e+01
4.482723617553710938e+01
4.656790161132812500e+01
4.835853576660156250e+01
5.020910263061523438e+01
5.212036895751953125e+01
5.409392166137695312e+01
5.613213729858398438e+01
5.947637557983398438e+01
6.170203018188476562e+01
6.398085021972656250e+01
6.636484527587890625e+01
6.880413818359375000e+01
7.114930725097656250e+01
7.374365234375000000e+01
7.642378234863281250e+01
7.918108367919921875e+01
8.202886962890625000e+01
8.496727752685546875e+01
8.799250030517578125e+01
9.111738586425781250e+01
9.433650207519531250e+01
9.765464019775390625e+01
