4.516846847534179688e+01
3.701866388320922852e+00
3.644991636276245117e+00
3.892950534820556641e+00
4.238328456878662109e+00
4.481338977813720703e+00
4.888436317443847656e+00
5.193870067596435547e+00
5.419388294219970703e+00
5.656960487365722656e+00
5.843759536743164062e+00
5.984343051910400391e+00
6.134412765502929688e+00
6.259182453155517578e+00
6.368228912353515625e+00
6.472962856292724609e+00
6.577660560607910156e+00
6.674959182739257812e+00
6.769373416900634766e+00
6.908377647399902344e+00
7.031131744384765625e+00
7.094474792480468750e+00
7.177701473236083984e+00
7.183278083801269531e+00
7.252496719360351562e+00
7.487638473510742188e+00
7.559559345245361328e+00
7.623596668243408203e+00
7.690679550170898438e+00
7.751332283020019531e+00
7.809871196746826172e+00
7.635853767395019531e+00
7.688581466674804688e+00
7.739120960235595703e+00
7.791643142700195312e+00
7.840820789337158203e+00
7.894631385803222656e+00
7.936544895172119141e+00
7.979021549224853516e+00
8.025224685668945312e+00
8.066713333129882812e+00
8.113359451293945312e+00
8.152462005615234375e+00
8.189854621887207031e+00
8.224666595458984375e+00
8.259220123291015625e+00
8.293309211730957031e+00
8.326662063598632812e+00
8.345820426940917969e+00
8.393681526184082031e+00
8.597352027893066406e+00
8.458148956298828125e+00
8.469910621643066406e+00
8.511456489562988281e+00
8.538013458251953125e+00
8.563732147216796875e+00
8.589988708496093750e+00
8.614967346191406250e+00
8.637882232666015625e+00
8.658681869506835938e+00
8.681011199951171875e+00
8.700809478759765625e+00
8.721393585205078125e+00
8.742605209350585938e+00
8.762336730957031250e+00
8.783500671386718750e+00
8.806591987609863281e+00
8.820736885070800781e+00
8.839425086975097656e+00
8.856971740722656250e+00
8.873812675476074219e+00
8.890377044677734375e+00
8.907488822937011719e+00
8.925398826599121094e+00
8.943093299865722656e+00
8.959680557250976562e+00
8.975095748901367188e+00
8.989750862121582031e+00
9.003833770751953125e+00
9.152108192443847656e+00
9.158706665039062500e+00
9.044539451599121094e+00
9.040730476379394531e+00
9.053821563720703125e+00
9.082221984863281250e+00
9.221392631530761719e+00
9.232762336730957031e+00
9.119258880615234375e+00
9.124478340148925781e+00
9.143799781799316406e+00
9.154890060424804688e+00
9.166917800903320312e+00
9.177857398986816406e+00
9.189300537109375000e+00
9.200101852416992188e+00
9.208666801452636719e+00
9.217597007751464844e+00
9.228245735168457031e+00
9.238655090332031250e+00
9.248442649841308594e+00
