4.356243133544921875e+00
3.794380664825439453e+00
3.636759519577026367e+00
3.641998052597045898e+00
3.648224353790283203e+00
3.716576576232910156e+00
3.740386724472045898e+00
3.822602987289428711e+00
3.929110050201416016e+00
4.100424289703369141e+00
4.121007919311523438e+00
4.359700202941894531e+00
4.497741222381591797e+00
4.636488437652587891e+00
4.717884540557861328e+00
4.869639873504638672e+00
4.943443298339843750e+00
5.024572849273681641e+00
4.964691162109375000e+00
5.053861141204833984e+00
5.145311832427978516e+00
5.264720916748046875e+00
5.309252262115478516e+00
5.398970603942871094e+00
5.490102291107177734e+00
5.573241710662841797e+00
5.628009796142578125e+00
5.683712482452392578e+00
5.742198467254638672e+00
5.800669670104980469e+00
5.859480381011962891e+00
5.918409824371337891e+00
5.979055404663085938e+00
6.039268493652343750e+00
6.099081516265869141e+00
6.159777164459228516e+00
6.219701766967773438e+00
6.280879497528076172e+00
6.339425086975097656e+00
6.398566246032714844e+00
6.458224773406982422e+00
6.517389774322509766e+00
6.850432872772216797e+00
6.632818222045898438e+00
6.970623493194580078e+00
7.029088973999023438e+00
7.086263179779052734e+00
7.144557952880859375e+00
6.913076877593994141e+00
6.967637538909912109e+00
7.021238803863525391e+00
7.385176658630371094e+00
7.443940162658691406e+00
7.502909660339355469e+00
7.559759140014648438e+00
7.615823268890380859e+00
7.672436237335205078e+00
7.727255344390869141e+00
7.781248569488525391e+00
7.834803581237792969e+00
7.887354373931884766e+00
7.939094066619873047e+00
7.991012573242187500e+00
8.042072296142578125e+00
8.092206954956054688e+00
8.141751289367675781e+00
8.191301345825195312e+00
8.239997863769531250e+00
8.287674903869628906e+00
8.334830284118652344e+00
8.383285522460937500e+00
8.429983139038085938e+00
8.477639198303222656e+00
8.523856163024902344e+00
8.570034027099609375e+00
8.616449356079101562e+00
8.662820816040039062e+00
8.709033966064453125e+00
8.753629684448242188e+00
8.800085067749023438e+00
8.846507072448730469e+00
8.892015457153320312e+00
8.938500404357910156e+00
8.984222412109375000e+00
9.029625892639160156e+00
9.075858116149902344e+00
9.118964195251464844e+00
9.165903091430664062e+00
9.212426185607910156e+00
9.257831573486328125e+00
9.306598663330078125e+00
9.352873802185058594e+00
6.729609012603759766e+00
6.750342845916748047e+00
6.770552158355712891e+00
6.790956497192382812e+00
6.812136173248291016e+00
6.832233905792236328e+00
6.852952480316162109e+00
6.873037815093994141e+00
