4.944322586059570312e+00
4.852180957794189453e+00
4.762212753295898438e+00
4.674962997436523438e+00
4.589857578277587891e+00
4.507737159729003906e+00
4.428583145141601562e+00
4.352188587188720703e+00
4.279604911804199219e+00
4.209379673004150391e+00
4.142861843109130859e+00
4.079669475555419922e+00
4.020336151123046875e+00
3.964655160903930664e+00
3.911970615386962891e+00
3.864527225494384766e+00
3.821928501129150391e+00
3.781260967254638672e+00
3.746427536010742188e+00
3.716108798980712891e+00
3.690099000930786133e+00
3.668822526931762695e+00
3.653385639190673828e+00
3.642165184020996094e+00
3.636909008026123047e+00
3.636847734451293945e+00
3.643286705017089844e+00
3.655052661895751953e+00
3.673940420150756836e+00
3.697283029556274414e+00
3.727793455123901367e+00
3.765112876892089844e+00
3.807915925979614258e+00
3.857959747314453125e+00
3.916968107223510742e+00
3.982420444488525391e+00
4.055877208709716797e+00
4.136754512786865234e+00
4.226042747497558594e+00
4.316210746765136719e+00
4.396512031555175781e+00
4.524320125579833984e+00
4.651136875152587891e+00
4.765291213989257812e+00
4.914375305175781250e+00
4.988855838775634766e+00
5.100425243377685547e+00
5.355696678161621094e+00
5.498277187347412109e+00
5.701025009155273438e+00
5.898417472839355469e+00
6.075718402862548828e+00
6.335074424743652344e+00
6.547762870788574219e+00
6.816255092620849609e+00
7.083377361297607422e+00
7.307223320007324219e+00
7.637456893920898438e+00
7.855059146881103516e+00
8.298266410827636719e+00
8.601279258728027344e+00
8.844990730285644531e+00
9.339883804321289062e+00
9.686151504516601562e+00
1.008051395416259766e+01
1.039057159423828125e+01
1.090240764617919922e+01
1.133339405059814453e+01
1.182739543914794922e+01
1.227651882171630859e+01
1.270039939880371094e+01
1.324948215484619141e+01
1.381255531311035156e+01
1.436775588989257812e+01
1.469139385223388672e+01
1.553086566925048828e+01
1.616598129272460938e+01
1.680141448974609375e+01
1.746530723571777344e+01
1.812612915039062500e+01
1.892916488647460938e+01
1.965056228637695312e+01
2.042435455322265625e+01
2.124563026428222656e+01
2.207514381408691406e+01
2.293343925476074219e+01
2.382656288146972656e+01
2.474421501159667969e+01
2.567171478271484375e+01
2.668456268310546875e+01
2.767950630187988281e+01
2.876584434509277344e+01
2.982770729064941406e+01
3.098342895507812500e+01
3.274160003662109375e+01
3.336015319824218750e+01
3.460779571533203125e+01
3.664181900024414062e+01
3.800894165039062500e+01
3.942445373535156250e+01
