3.828295707702636719e+00
3.794561147689819336e+00
3.763409614562988281e+00
3.734733343124389648e+00
3.711660861968994141e+00
3.689567327499389648e+00
3.671585798263549805e+00
3.657567977905273438e+00
3.646709918975830078e+00
3.639672040939331055e+00
3.636599302291870117e+00
3.637659072875976562e+00
3.642927408218383789e+00
3.652488470077514648e+00
3.666929006576538086e+00
3.685446977615356445e+00
3.708563089370727539e+00
3.736666202545166016e+00
3.770005226135253906e+00
3.807332038879394531e+00
3.851291418075561523e+00
3.900746345520019531e+00
3.955004930496215820e+00
4.014502525329589844e+00
4.081362247467041016e+00
4.155530929565429688e+00
4.232656478881835938e+00
4.314522743225097656e+00
4.407644271850585938e+00
4.507792472839355469e+00
4.615074634552001953e+00
4.725769042968750000e+00
4.819821357727050781e+00
4.949517250061035156e+00
5.065073490142822266e+00
5.215102672576904297e+00
5.353957653045654297e+00
5.507916927337646484e+00
5.669439792633056641e+00
5.837599277496337891e+00
6.008070945739746094e+00
6.220177173614501953e+00
6.438694477081298828e+00
6.632823944091796875e+00
6.818207263946533203e+00
7.011958122253417969e+00
7.328852176666259766e+00
7.543283939361572266e+00
7.754606723785400391e+00
8.080883979797363281e+00
8.383557319641113281e+00
8.543522834777832031e+00
8.949979782104492188e+00
9.265318870544433594e+00
9.694315910339355469e+00
1.007715702056884766e+01
1.035760498046875000e+01
1.075241374969482422e+01
1.121834278106689453e+01
1.151963329315185547e+01
1.198795318603515625e+01
1.228075695037841797e+01
1.272637462615966797e+01
1.328935527801513672e+01
1.380110073089599609e+01
1.430546379089355469e+01
1.497674751281738281e+01
1.552015590667724609e+01
1.611244201660156250e+01
1.670116043090820312e+01
1.731101989746093750e+01
1.794504737854003906e+01
1.859936523437500000e+01
1.928099441528320312e+01
1.995264816284179688e+01
2.068923377990722656e+01
2.141595840454101562e+01
2.213222503662109375e+01
2.285765457153320312e+01
2.375378799438476562e+01
2.460830879211425781e+01
2.548358154296875000e+01
2.630574607849121094e+01
2.723894119262695312e+01
2.822019195556640625e+01
2.922049331665039062e+01
3.022893905639648438e+01
3.140305709838867188e+01
3.250577545166015625e+01
3.366896057128906250e+01
3.488751220703125000e+01
3.635223007202148438e+01
3.713145828247070312e+01
3.842148971557617188e+01
3.986859512329101562e+01
4.128067398071289062e+01
4.251572036743164062e+01
4.414828872680664062e+01
4.571298599243164062e+01
4.749332046508789062e+01
