7.740619659423828125e+00
4.666470527648925781e+00
4.500182151794433594e+00
4.392230033874511719e+00
4.275606155395507812e+00
4.204288959503173828e+00
4.141515731811523438e+00
4.097060680389404297e+00
4.055540561676025391e+00
4.034838199615478516e+00
4.003802299499511719e+00
3.985873222351074219e+00
3.970054626464843750e+00
3.957434654235839844e+00
3.950656890869140625e+00
3.943828105926513672e+00
3.941812515258789062e+00
3.932942390441894531e+00
3.930711984634399414e+00
3.928624629974365234e+00
3.927911996841430664e+00
3.926855564117431641e+00
3.926426887512207031e+00
3.927435159683227539e+00
3.928314208984375000e+00
3.930071353912353516e+00
3.930458545684814453e+00
3.932070016860961914e+00
3.933604717254638672e+00
3.936048507690429688e+00
3.939365148544311523e+00
3.942310333251953125e+00
3.942577123641967773e+00
3.943125009536743164e+00
3.947107553482055664e+00
3.947174310684204102e+00
3.949727296829223633e+00
3.956110715866088867e+00
3.954280138015747070e+00
3.955340623855590820e+00
3.956959962844848633e+00
3.966020584106445312e+00
3.960265636444091797e+00
3.963514328002929688e+00
3.963726520538330078e+00
3.966673135757446289e+00
3.967825889587402344e+00
3.973200321197509766e+00
3.970979690551757812e+00
3.975111007690429688e+00
3.978317022323608398e+00
3.977833509445190430e+00
3.980252027511596680e+00
3.981444358825683594e+00
3.982571840286254883e+00
3.991567134857177734e+00
3.984355211257934570e+00
3.986561298370361328e+00
3.989665269851684570e+00
3.988500833511352539e+00
3.990279912948608398e+00
3.989466905593872070e+00
3.993346691131591797e+00
3.997039318084716797e+00
3.996314287185668945e+00
3.999780654907226562e+00
3.998617887496948242e+00
4.002333641052246094e+00
3.998568058013916016e+00
3.998319625854492188e+00
4.000592231750488281e+00
4.001909255981445312e+00
4.001778125762939453e+00
4.002664089202880859e+00
4.003233432769775391e+00
4.006204605102539062e+00
4.004773616790771484e+00
4.008230686187744141e+00
4.009054660797119141e+00
4.012389659881591797e+00
4.015514373779296875e+00
4.008872509002685547e+00
4.011656761169433594e+00
4.012267589569091797e+00
4.018754005432128906e+00
4.029664993286132812e+00
4.014955043792724609e+00
4.019889354705810547e+00
4.016899585723876953e+00
4.019246101379394531e+00
4.017187595367431641e+00
4.020819187164306641e+00
4.018981456756591797e+00
4.022051811218261719e+00
4.020605087280273438e+00
4.021700859069824219e+00
4.020969867706298828e+00
4.024039745330810547e+00
4.023536205291748047e+00
4.022837162017822266e+00
