1.062844395637512207e+00
1.045475840568542480e+00
1.030023574829101562e+00
1.016729712486267090e+00
1.005376219749450684e+00
9.961081147193908691e-01
9.891896843910217285e-01
9.843270182609558105e-01
9.818614721298217773e-01
9.820261597633361816e-01
9.846663475036621094e-01
9.898172020912170410e-01
9.979344010353088379e-01
1.008616566658020020e+00
1.022348046302795410e+00
1.038949966430664062e+00
1.058478951454162598e+00
1.081443309783935547e+00
1.107627391815185547e+00
1.136683702468872070e+00
1.169857501983642578e+00
1.206329464912414551e+00
1.246465444564819336e+00
1.290985703468322754e+00
1.338101863861083984e+00
1.390062689781188965e+00
1.446502089500427246e+00
1.506830692291259766e+00
1.571385979652404785e+00
1.641099691390991211e+00
1.714996337890625000e+00
1.794403672218322754e+00
1.878484964370727539e+00
1.967408776283264160e+00
2.062330245971679688e+00
2.161726236343383789e+00
2.267907619476318359e+00
2.379289865493774414e+00
2.496351480484008789e+00
2.620652914047241211e+00
2.750208854675292969e+00
2.886425495147705078e+00
3.029353380203247070e+00
3.180559873580932617e+00
3.337172031402587891e+00
3.502569198608398438e+00
3.674780845642089844e+00
3.854821920394897461e+00
4.044540882110595703e+00
4.241619586944580078e+00
4.445812702178955078e+00
4.660156250000000000e+00
4.882623672485351562e+00
5.115859508514404297e+00
5.355612754821777344e+00
5.608222961425781250e+00
5.871102809906005859e+00
6.142608165740966797e+00
6.424760818481445312e+00
6.719662189483642578e+00
7.021397113800048828e+00
7.339198589324951172e+00
7.668343067169189453e+00
8.009906768798828125e+00
8.362498283386230469e+00
8.729575157165527344e+00
9.110339164733886719e+00
9.504260063171386719e+00
9.914810180664062500e+00
1.033872509002685547e+01
1.077948570251464844e+01
1.123650455474853516e+01
1.170565032958984375e+01
1.218549633026123047e+01
1.268991184234619141e+01
1.321076107025146484e+01
1.374943733215332031e+01
1.430702877044677734e+01
1.488452911376953125e+01
1.547987174987792969e+01
1.609076881408691406e+01
1.673037528991699219e+01
1.738448905944824219e+01
1.806415367126464844e+01
1.876719856262207031e+01
1.949341964721679688e+01
2.023923492431640625e+01
1.803223609924316406e+01
2.180818367004394531e+01
2.263285636901855469e+01
2.348374938964843750e+01
2.436288642883300781e+01
2.526464271545410156e+01
2.619852447509765625e+01
2.717344093322753906e+01
2.815791320800781250e+01
2.918898010253906250e+01
3.024185371398925781e+01
3.133187103271484375e+01
3.245550918579101562e+01
