4.448260784149169922e+00
4.378614902496337891e+00
4.314183235168457031e+00
4.253460407257080078e+00
4.197585582733154297e+00
4.146622180938720703e+00
4.099588394165039062e+00
4.059458255767822266e+00
4.022735118865966797e+00
3.992132902145385742e+00
3.967412948608398438e+00
3.948291063308715820e+00
3.935652017593383789e+00
3.928174257278442383e+00
3.927489519119262695e+00
3.933346033096313477e+00
3.946398973464965820e+00
3.966192483901977539e+00
3.993764400482177734e+00
4.026848793029785156e+00
4.070037841796875000e+00
4.120767593383789062e+00
4.179352283477783203e+00
4.246727466583251953e+00
4.322353363037109375e+00
4.407908439636230469e+00
4.501926422119140625e+00
4.606002807617187500e+00
4.720416069030761719e+00
4.844924926757812500e+00
4.980716228485107422e+00
5.126445770263671875e+00
5.284156799316406250e+00
5.453688144683837891e+00
5.634810447692871094e+00
5.827424526214599609e+00
6.035865306854248047e+00
6.255386352539062500e+00
6.489745140075683594e+00
6.738249301910400391e+00
6.996536731719970703e+00
7.275858879089355469e+00
7.567216873168945312e+00
7.874287128448486328e+00
8.198737144470214844e+00
8.543711662292480469e+00
8.900227546691894531e+00
9.278738975524902344e+00
9.673359870910644531e+00
1.008696079254150391e+01
1.052369689941406250e+01
1.097544479370117188e+01
1.146395874023437500e+01
1.194880104064941406e+01
1.247342014312744141e+01
1.300219821929931641e+01
1.356626796722412109e+01
1.415700817108154297e+01
1.477461814880371094e+01
1.541170310974121094e+01
1.607910728454589844e+01
1.677429771423339844e+01
1.749863624572753906e+01
1.824294471740722656e+01
1.901817893981933594e+01
1.982691574096679688e+01
2.066906929016113281e+01
2.153386878967285156e+01
2.246301841735839844e+01
2.338208961486816406e+01
2.435804557800292969e+01
2.536667442321777344e+01
2.641312026977539062e+01
2.750367736816406250e+01
2.863042068481445312e+01
2.987625885009765625e+01
3.101036453247070312e+01
3.226913452148437500e+01
3.354939270019531250e+01
3.488701248168945312e+01
3.627911758422851562e+01
3.770657730102539062e+01
3.919939804077148438e+01
4.074457931518554688e+01
4.232868576049804688e+01
4.395751571655273438e+01
4.565095138549804688e+01
4.739345169067382812e+01
4.926371383666992188e+01
5.107892608642578125e+01
5.301403427124023438e+01
5.502862930297851562e+01
5.709730529785156250e+01
5.922707748413085938e+01
6.145853042602539062e+01
6.369870376586914062e+01
6.602224731445312500e+01
6.843376159667968750e+01
7.092041015625000000e+01
7.349555969238281250e+01
