5.173987865447998047e+00
5.081823825836181641e+00
4.991280555725097656e+00
4.903083324432373047e+00
4.818726062774658203e+00
4.737134933471679688e+00
4.658534526824951172e+00
4.583383083343505859e+00
4.512678623199462891e+00
4.442918300628662109e+00
4.378464221954345703e+00
4.318046569824218750e+00
4.260754108428955078e+00
4.206913948059082031e+00
4.158481121063232422e+00
4.114061832427978516e+00
4.073261260986328125e+00
4.037486553192138672e+00
4.005959987640380859e+00
3.979968070983886719e+00
3.959451198577880859e+00
3.942463874816894531e+00
3.931537866592407227e+00
3.926944494247436523e+00
3.927999973297119141e+00
3.934605598449707031e+00
3.947325944900512695e+00
3.967209815979003906e+00
3.993840694427490234e+00
4.025312900543212891e+00
4.066015243530273438e+00
4.111859798431396484e+00
4.166174411773681641e+00
4.227568626403808594e+00
4.298762798309326172e+00
4.375655174255371094e+00
4.464716434478759766e+00
4.558372974395751953e+00
4.665726661682128906e+00
4.776518344879150391e+00
4.899542808532714844e+00
5.033717155456542969e+00
5.201022624969482422e+00
5.333452224731445312e+00
5.497941017150878906e+00
5.670458316802978516e+00
5.875164985656738281e+00
6.057722568511962891e+00
6.270309925079345703e+00
6.498010635375976562e+00
6.733847618103027344e+00
6.990858554840087891e+00
7.260289192199707031e+00
7.581506729125976562e+00
7.840201854705810547e+00
8.195887565612792969e+00
8.455548286437988281e+00
8.798954010009765625e+00
9.153759956359863281e+00
9.509783744812011719e+00
9.938263893127441406e+00
1.034463214874267578e+01
1.072522926330566406e+01
1.115980720520019531e+01
1.171819305419921875e+01
1.223145580291748047e+01
1.264879131317138672e+01
1.310565185546875000e+01
1.374147319793701172e+01
1.434820175170898438e+01
1.490431594848632812e+01
1.548467731475830078e+01
1.612830352783203125e+01
1.687456130981445312e+01
1.748002433776855469e+01
1.819907760620117188e+01
1.894575691223144531e+01
1.975691604614257812e+01
2.051425361633300781e+01
2.137746238708496094e+01
2.227101707458496094e+01
2.317483711242675781e+01
2.418239212036132812e+01
2.509415435791015625e+01
2.611554527282714844e+01
2.715084457397460938e+01
2.823539543151855469e+01
2.937427139282226562e+01
3.053993606567382812e+01
3.173829269409179688e+01
3.298466873168945312e+01
3.428364181518554688e+01
3.561002731323242188e+01
3.703712081909179688e+01
3.846879196166992188e+01
3.992639160156250000e+01
4.145699310302734375e+01
4.303578948974609375e+01
4.465398788452148438e+01
4.634840011596679688e+01
