1.030133366584777832e+00
1.021333336830139160e+00
1.013234257698059082e+00
1.006087422370910645e+00
9.999308586120605469e-01
9.944732189178466797e-01
9.901883006095886230e-01
9.866170883178710938e-01
9.840095043182373047e-01
9.822899103164672852e-01
9.816289544105529785e-01
9.822182655334472656e-01
9.837410449981689453e-01
9.864569306373596191e-01
9.902764558792114258e-01
9.952645897865295410e-01
1.001678109169006348e+00
1.009275078773498535e+00
1.018133640289306641e+00
1.028398633003234863e+00
1.040095686912536621e+00
1.053277730941772461e+00
1.067859411239624023e+00
1.084128618240356445e+00
1.102128505706787109e+00
1.121721029281616211e+00
1.142724871635437012e+00
1.165966987609863281e+00
1.190881371498107910e+00
1.217568635940551758e+00
1.246338844299316406e+00
1.276810169219970703e+00
1.309990882873535156e+00
1.344819307327270508e+00
1.382106423377990723e+00
1.421475172042846680e+00
1.463403820991516113e+00
1.507402777671813965e+00
1.553980827331542969e+00
1.602996945381164551e+00
1.655392408370971680e+00
1.708578228950500488e+00
1.765806794166564941e+00
1.825973272323608398e+00
1.888835191726684570e+00
1.955257177352905273e+00
2.024162054061889648e+00
2.096707105636596680e+00
2.172569036483764648e+00
2.251250505447387695e+00
2.334512948989868164e+00
2.419832706451416016e+00
2.509535074234008789e+00
2.603286266326904297e+00
2.701847553253173828e+00
2.802577495574951172e+00
2.909675121307373047e+00
3.021709203720092773e+00
3.135043621063232422e+00
3.253504991531372070e+00
3.377115249633789062e+00
3.506945133209228516e+00
3.641551971435546875e+00
3.780337095260620117e+00
3.924678087234497070e+00
4.073790073394775391e+00
4.229167938232421875e+00
4.390861988067626953e+00
4.558751106262207031e+00
4.729839801788330078e+00
4.908339977264404297e+00
5.094290733337402344e+00
5.288081645965576172e+00
5.487435340881347656e+00
5.693389892578125000e+00
5.915029525756835938e+00
6.128418445587158203e+00
6.359516620635986328e+00
6.595375061035156250e+00
6.849072933197021484e+00
7.094335556030273438e+00
7.356447696685791016e+00
7.626803874969482422e+00
7.910750865936279297e+00
8.198064804077148438e+00
8.495070457458496094e+00
8.804425239562988281e+00
9.120750427246093750e+00
9.450344085693359375e+00
9.791888236999511719e+00
1.014049434661865234e+01
1.050598335266113281e+01
1.087890243530273438e+01
1.126366329193115234e+01
1.166086006164550781e+01
1.206981182098388672e+01
1.249371910095214844e+01
1.293083477020263672e+01
1.337854576110839844e+01
1.384066772460937500e+01
