1.917747378349304199e+00
1.164194464683532715e+00
1.126407384872436523e+00
1.094860434532165527e+00
1.070475697517395020e+00
1.048959970474243164e+00
1.035627365112304688e+00
1.023602008819580078e+00
1.014438509941101074e+00
1.010329246520996094e+00
1.002196788787841797e+00
9.986240863800048828e-01
9.925500154495239258e-01
9.900687336921691895e-01
9.883142113685607910e-01
9.863513708114624023e-01
9.852884411811828613e-01
9.836610555648803711e-01
9.843036532402038574e-01
9.822495579719543457e-01
9.819184541702270508e-01
9.818336963653564453e-01
9.816720485687255859e-01
9.818953871726989746e-01
9.821230769157409668e-01
9.821120500564575195e-01
9.825426340103149414e-01
9.829159975051879883e-01
9.836425781250000000e-01
9.838338494300842285e-01
9.851748347282409668e-01
9.852070212364196777e-01
9.862254261970520020e-01
9.866682887077331543e-01
9.875953197479248047e-01
9.868612885475158691e-01
9.872322082519531250e-01
9.884392619132995605e-01
9.882624745368957520e-01
9.888985157012939453e-01
9.892385601997375488e-01
9.896060824394226074e-01
9.910344481468200684e-01
9.931609630584716797e-01
9.907690286636352539e-01
9.913865923881530762e-01
9.920424222946166992e-01
9.927423596382141113e-01
9.935999512672424316e-01
9.933677911758422852e-01
9.946333169937133789e-01
9.938573241233825684e-01
9.948752522468566895e-01
9.958593249320983887e-01
9.950588941574096680e-01
9.959803223609924316e-01
9.957304000854492188e-01
9.969980120658874512e-01
9.968094825744628906e-01
9.967972040176391602e-01
9.992859959602355957e-01
9.977002143859863281e-01
9.979614615440368652e-01
9.981327652931213379e-01
9.989074468612670898e-01
9.989641904830932617e-01
9.994173645973205566e-01
1.000492930412292480e+00
9.999889731407165527e-01
9.999388456344604492e-01
1.000099062919616699e+00
1.001088500022888184e+00
1.000647068023681641e+00
1.000699639320373535e+00
1.001238703727722168e+00
1.001832127571105957e+00
1.001411199569702148e+00
1.001577973365783691e+00
1.002553343772888184e+00
1.002401828765869141e+00
1.002742409706115723e+00
1.002724289894104004e+00
1.003209710121154785e+00
1.003014683723449707e+00
1.003582477569580078e+00
1.004558086395263672e+00
1.004632353782653809e+00
1.004351019859313965e+00
1.005115747451782227e+00
1.004151463508605957e+00
1.004585504531860352e+00
1.004632353782653809e+00
1.004597187042236328e+00
1.005129814147949219e+00
1.004903674125671387e+00
1.006688594818115234e+00
1.005819439888000488e+00
1.005482792854309082e+00
1.005406498908996582e+00
1.006019234657287598e+00
