1.049096941947937012e+00
1.037508249282836914e+00
1.026724576950073242e+00
1.017016649246215820e+00
1.008409857749938965e+00
1.000969052314758301e+00
9.944760203361511230e-01
9.894832968711853027e-01
9.856253266334533691e-01
9.830337762832641602e-01
9.817399382591247559e-01
9.820127487182617188e-01
9.835491776466369629e-01
9.866728186607360840e-01
9.911030530929565430e-01
9.970835447311401367e-01
1.004996538162231445e+00
1.014456272125244141e+00
1.025509953498840332e+00
1.038512587547302246e+00
1.053143739700317383e+00
1.069545865058898926e+00
1.088203310966491699e+00
1.108859062194824219e+00
1.131398677825927734e+00
1.156232476234436035e+00
1.183594703674316406e+00
1.212416768074035645e+00
1.244272112846374512e+00
1.278592944145202637e+00
1.314862608909606934e+00
1.354172468185424805e+00
1.395950317382812500e+00
1.440727829933166504e+00
1.488191604614257812e+00
1.538704991340637207e+00
1.592207431793212891e+00
1.648199796676635742e+00
1.707628726959228516e+00
1.769593477249145508e+00
1.835995912551879883e+00
1.905880093574523926e+00
1.978764653205871582e+00
2.055374860763549805e+00
2.137635469436645508e+00
2.220105171203613281e+00
2.310191869735717773e+00
2.402329921722412109e+00
2.498129367828369141e+00
2.601035833358764648e+00
2.704643249511718750e+00
2.815299987792968750e+00
2.932687759399414062e+00
3.050627231597900391e+00
3.177165746688842773e+00
3.308036804199218750e+00
3.446670532226562500e+00
3.587345838546752930e+00
3.728088378906250000e+00
3.880570888519287109e+00
4.040398597717285156e+00
4.206851482391357422e+00
4.377179622650146484e+00
4.555195808410644531e+00
4.740728378295898438e+00
4.933135986328125000e+00
5.136168479919433594e+00
5.339826107025146484e+00
5.555756568908691406e+00
5.777926445007324219e+00
6.010061264038085938e+00
6.243349552154541016e+00
6.490006923675537109e+00
6.745597839355468750e+00
7.008904933929443359e+00
7.282765388488769531e+00
7.564832687377929688e+00
7.858015060424804688e+00
8.160670280456542969e+00
8.472730636596679688e+00
8.795223236083984375e+00
9.129879951477050781e+00
9.471473693847656250e+00
9.828083992004394531e+00
1.019876384735107422e+01
1.058129310607910156e+01
1.097512912750244141e+01
1.137992763519287109e+01
1.180148124694824219e+01
1.223233699798583984e+01
1.268479728698730469e+01
1.314554595947265625e+01
1.362310981750488281e+01
1.411523818969726562e+01
1.462343025207519531e+01
1.514674282073974609e+01
1.568652057647705078e+01
1.624838638305664062e+01
1.682295227050781250e+01
1.741770553588867188e+01
