4.148941993713378906e+00
4.095879554748535156e+00
4.050524234771728516e+00
4.011129856109619141e+00
3.979120969772338867e+00
3.953423500061035156e+00
3.937068939208984375e+00
3.928751707077026367e+00
3.927719116210937500e+00
3.934777498245239258e+00
3.952283620834350586e+00
3.977777242660522461e+00
4.011538028717041016e+00
4.057512283325195312e+00
4.112223625183105469e+00
4.177017211914062500e+00
4.252435684204101562e+00
4.339630603790283203e+00
4.437526702880859375e+00
4.547238826751708984e+00
4.669190406799316406e+00
4.803507804870605469e+00
4.950610160827636719e+00
5.111538887023925781e+00
5.284352302551269531e+00
5.473602771759033203e+00
5.675625324249267578e+00
5.894210338592529297e+00
6.126170158386230469e+00
6.375702857971191406e+00
6.641838073730468750e+00
6.924391746520996094e+00
7.223576545715332031e+00
7.541292667388916016e+00
7.877821445465087891e+00
8.232069969177246094e+00
8.608676910400390625e+00
9.002965927124023438e+00
9.417589187622070312e+00
9.854697227478027344e+00
1.031430816650390625e+01
1.079701995849609375e+01
1.130158901214599609e+01
1.182947254180908203e+01
1.238417148590087891e+01
1.296157741546630859e+01
1.357006835937500000e+01
1.420133399963378906e+01
1.486395359039306641e+01
1.555327701568603516e+01
1.627247047424316406e+01
1.702117347717285156e+01
1.780422210693359375e+01
1.861735534667968750e+01
1.946604156494140625e+01
2.035050201416015625e+01
2.126422119140625000e+01
2.222185516357421875e+01
2.321261978149414062e+01
2.424122047424316406e+01
2.530784416198730469e+01
2.641934585571289062e+01
2.756814002990722656e+01
2.876518058776855469e+01
2.999772071838378906e+01
3.128919029235839844e+01
3.262095642089843750e+01
3.399738311767578125e+01
3.542348098754882812e+01
3.690294647216796875e+01
3.843584060668945312e+01
4.002177047729492188e+01
4.167005157470703125e+01
4.336491394042968750e+01
4.511920166015625000e+01
4.693951416015625000e+01
4.882441711425781250e+01
5.076338195800781250e+01
5.277981185913085938e+01
5.485190963745117188e+01
5.699876403808593750e+01
5.922053527832031250e+01
6.151048278808593750e+01
6.388014221191406250e+01
6.633345794677734375e+01
6.885803985595703125e+01
7.146509552001953125e+01
7.416259765625000000e+01
7.694035339355468750e+01
7.980911254882812500e+01
8.276161193847656250e+01
8.582563781738281250e+01
7.364027404785156250e+01
9.222063446044921875e+01
9.557646179199218750e+01
9.903874969482421875e+01
1.026086502075195312e+02
1.062918319702148438e+02
8.534709167480468750e+01
1.140092391967773438e+02
