6.599772930145263672e+00
6.573951244354248047e+00
6.513961315155029297e+00
6.511904716491699219e+00
6.477008819580078125e+00
6.513673305511474609e+00
6.448973655700683594e+00
6.466719150543212891e+00
6.422035694122314453e+00
6.426254272460937500e+00
7.749728679656982422e+00
6.358290195465087891e+00
6.332320213317871094e+00
6.341693401336669922e+00
6.317391395568847656e+00
6.332082271575927734e+00
6.280935287475585938e+00
6.272973537445068359e+00
6.240138530731201172e+00
6.246025085449218750e+00
6.179777145385742188e+00
6.203505516052246094e+00
6.152518272399902344e+00
6.109424591064453125e+00
6.078834533691406250e+00
6.040099143981933594e+00
5.998024463653564453e+00
5.960613727569580078e+00
5.916597366333007812e+00
5.860624790191650391e+00
5.816846847534179688e+00
5.779328346252441406e+00
5.680966854095458984e+00
5.590435504913330078e+00
5.504537582397460938e+00
5.391818523406982422e+00
5.216355800628662109e+00
4.986760616302490234e+00
4.774100303649902344e+00
4.605737686157226562e+00
4.427436351776123047e+00
4.291050434112548828e+00
4.181431293487548828e+00
4.098904609680175781e+00
4.061486721038818359e+00
3.991926670074462891e+00
3.949084758758544922e+00
3.928726911544799805e+00
3.930322408676147461e+00
3.954314231872558594e+00
3.996821403503417969e+00
4.057504177093505859e+00
4.139238357543945312e+00
4.236243247985839844e+00
4.352603435516357422e+00
4.500607490539550781e+00
4.653802394866943359e+00
4.803262710571289062e+00
4.983129501342773438e+00
5.156659603118896484e+00
5.351216793060302734e+00
5.551198482513427734e+00
5.758974552154541016e+00
5.944214820861816406e+00
6.121284008026123047e+00
6.274482727050781250e+00
6.446987628936767578e+00
6.586158275604248047e+00
6.641385078430175781e+00
6.870856285095214844e+00
6.937418460845947266e+00
7.033720970153808594e+00
7.077137470245361328e+00
7.168693542480468750e+00
7.226912021636962891e+00
7.307447910308837891e+00
7.334672451019287109e+00
7.380486011505126953e+00
7.455564975738525391e+00
7.430289268493652344e+00
7.536585807800292969e+00
7.567893981933593750e+00
7.591313362121582031e+00
7.670501232147216797e+00
7.753115177154541016e+00
7.617229938507080078e+00
7.652101039886474609e+00
7.693043231964111328e+00
7.687660217285156250e+00
7.742451190948486328e+00
7.697837829589843750e+00
7.725856304168701172e+00
7.716741561889648438e+00
7.715107917785644531e+00
7.759621143341064453e+00
7.740689277648925781e+00
7.740332126617431641e+00
7.735545635223388672e+00
7.733568668365478516e+00
7.752349853515625000e+00
