7.740741252899169922e+00
4.330694198608398438e+00
3.992424964904785156e+00
4.277322292327880859e+00
4.411684989929199219e+00
4.498553276062011719e+00
4.564203739166259766e+00
4.614665031433105469e+00
4.646553039550781250e+00
4.667967319488525391e+00
4.661965847015380859e+00
4.694787979125976562e+00
4.763077735900878906e+00
4.803052425384521484e+00
4.716532230377197266e+00
4.884182929992675781e+00
4.743994235992431641e+00
7.757399559020996094e+00
7.664748668670654297e+00
7.670442581176757812e+00
4.782619476318359375e+00
4.749491691589355469e+00
4.751762866973876953e+00
4.751366615295410156e+00
7.735064983367919922e+00
4.771703243255615234e+00
5.201832771301269531e+00
7.338950157165527344e+00
7.417586326599121094e+00
7.690018177032470703e+00
4.807223796844482422e+00
7.741006374359130859e+00
7.528591632843017578e+00
4.787910938262939453e+00
7.661725044250488281e+00
5.221256256103515625e+00
5.036415576934814453e+00
7.452572822570800781e+00
7.742003440856933594e+00
4.852215766906738281e+00
6.614435195922851562e+00
7.740781307220458984e+00
7.524270534515380859e+00
4.863850116729736328e+00
7.746781349182128906e+00
7.506543636322021484e+00
4.835522174835205078e+00
5.822970867156982422e+00
7.657226085662841797e+00
7.550590991973876953e+00
7.620412826538085938e+00
7.723425388336181641e+00
4.817682743072509766e+00
4.796276092529296875e+00
7.702891349792480469e+00
7.629213333129882812e+00
7.593781948089599609e+00
5.286151409149169922e+00
7.540838241577148438e+00
4.810857295989990234e+00
7.728362083435058594e+00
7.543537139892578125e+00
4.799435615539550781e+00
4.882835388183593750e+00
7.753911018371582031e+00
7.756442546844482422e+00
6.752676963806152344e+00
7.742986679077148438e+00
4.999495506286621094e+00
7.715560436248779297e+00
7.740841865539550781e+00
7.551223278045654297e+00
7.695852279663085938e+00
7.640256404876708984e+00
7.742412567138671875e+00
4.834221363067626953e+00
7.555739402770996094e+00
7.618889808654785156e+00
5.939623832702636719e+00
7.744381427764892578e+00
6.444566726684570312e+00
7.728608131408691406e+00
7.742209911346435547e+00
7.710632324218750000e+00
7.582869052886962891e+00
7.644395828247070312e+00
7.688012123107910156e+00
7.642055511474609375e+00
7.664895057678222656e+00
7.741010189056396484e+00
7.741000652313232422e+00
7.681617736816406250e+00
7.666441917419433594e+00
7.743668556213378906e+00
7.729557037353515625e+00
7.682744503021240234e+00
7.734460830688476562e+00
7.739198684692382812e+00
7.559877872467041016e+00
7.744832038879394531e+00
